[1557038839, 1556783138, 1556680236, 1556554931, 1556365092, 1556348060, 1556264822, 1556072931, 1555995147, 1555982693, 1555967982, 1555915641, 1555908441, 1555869776, 1555863059, 1555862601, 1555862596, 1555824096, 1555815394, 1555780289]
[1555731722, 1555684933, 1555680751, 1555531680, 1555496337, 1555477323, 1555402190, 1555389528, 1555375535, 1555346398, 1555212471, 1555203399, 1555070168, 1554985351, 1554889550, 1554753427, 1554688167, 1554652167, 1554514032, 1554444156]
[1554424938, 1554340664, 1554307524, 1554295291, 1554275474, 1554274831, 1554258713, 1554214034, 1554190873, 1554100137, 1554039905, 1553951529, 1553864816, 1553789463, 1553772893, 1553770389, 1553681640, 1553651310, 1553649429, 1553616405]
[1553598668, 1553593393, 1553578395, 1553569143, 1553564349, 1553526965, 1553480034, 1553438317, 1553183767, 1553175799, 1553105694, 1553027723, 1552927214, 1552917322, 1552792477, 1552711351, 1552544055, 1552402233, 1552357276, 1552321535]
[1552321063, 1552273245, 1552212145, 1552201606, 1552201102, 1552194662, 1552187259, 1552156985, 1552154244, 1552090047, 1552033195, 1551975379, 1551958332, 1551918362, 1551918110, 1551890167, 1551854307, 1551827156, 1551802030, 1551780128]
[1551755179, 1551687081, 1551670507, 1551665436, 1551606223, 1551605588, 1551579813, 1551547914, 1551544624, 1551532900, 1551510982, 1551503443, 1551496987, 1551489814, 1551463227, 1551448772, 1551448362, 1551422325, 1551421756, 1551417692]
[1551374740, 1551327558, 1551294030, 1551245162, 1551237740, 1551225505, 1551178986, 1551139802, 1551082700, 1551024347, 1551020128, 1551018713, 1551003416, 1550945391, 1550941727, 1550933997, 1550933136, 1550930607, 1550929253, 1550921607]
[1550921581, 1550917413, 1550900776, 1550894221, 1550878805, 1550858259, 1550854577, 1550853352, 1550846619, 1550837327, 1550833783, 1550829787, 1550827599, 1550814314, 1550811787, 1550808783, 1550803920, 1550802433, 1550801754, 1550775506]
[1550772786, 1550772750, 1550772721, 1550772219, 1550772158, 1550770875, 1550769251, 1550769052, 1550767361, 1550766233, 1550766137, 1550764088, 1550763920, 1550763854, 1550762997, 1550762793, 1550762170, 1550761565, 1550761138, 1550761000]
[1550760723, 1550760685, 1550759756, 1550758823, 1550757536, 1550756709, 1550756683, 1550756477, 1550754067, 1550753706, 1550752441, 1550751500, 1550751302, 1550751112, 1550750982, 1550750224, 1550750219, 1550749662, 1550749608, 1550749014]
[1550748449, 1550748157, 1550747870, 1550747428, 1550746754, 1550746538, 1550745514, 1550745339, 1550745290, 1550745195, 1550744954, 1550742319, 1550742027, 1550741782, 1550739629, 1550739390, 1550738501, 1550738208, 1550738039, 1550737395]
[1550736623, 1550736588, 1550736262, 1550736094, 1550736026, 1550734760, 1550734664, 1550734568, 1550734528, 1550734388, 1550734090, 1550734057, 1550733836, 1550731368, 1550730284, 1550729928, 1550729611, 1550729597, 1550728645, 1550728312]
[1550728296, 1550727879, 1550727557, 1550726101, 1550724659, 1550724422, 1550724392, 1550723565, 1550723516, 1550723324, 1550723176, 1550722631, 1550722294, 1550722198, 1550722002, 1550721104, 1550720954, 1550720080, 1550719872, 1550687980]
[1550678803, 1550678776, 1550678652, 1550678607, 1550678605, 1550678559, 1550678541, 1550678518, 1550678491, 1550678481, 1550678471, 1550592960, 1550589635, 1550579895, 1550578531, 1550576327, 1550568369, 1550547278, 1550546202, 1550417832]
[1550412209, 1550405309, 1550395794, 1550390064, 1550389442, 1550382094, 1550376711, 1550367639, 1550343643, 1550340358, 1550332332, 1550330818, 1550329125, 1550327845, 1550325914, 1550322542, 1550322383, 1550318650, 1550312704, 1550312691]
[1550310593, 1550307564, 1550306260, 1550305909, 1550298030, 1550296200, 1550295552, 1550288251, 1550287293, 1550287272, 1550284046, 1550281849, 1550281047, 1550278016, 1550277243, 1550259200, 1550255038, 1550252725, 1550252274, 1550252267]
[1550251687, 1550250357, 1550250310, 1550249979, 1550249384, 1550246895, 1550246860, 1550246833, 1550246666, 1550246520, 1550204996, 1550160672, 1550157212, 1550150999, 1550136070, 1550134641]
