[1557362460, 1557360344, 1557331966, 1557156123, 1557154404, 1557143992, 1557121694, 1557066189, 1557061828, 1557025961, 1557024763, 1556971495, 1556971378, 1556969228, 1556948138, 1556944472, 1556935824, 1556931098, 1556898885, 1556897045]
[1556843736, 1556813817, 1556810173, 1556808892, 1556790239, 1556778971, 1556777019, 1556763598, 1556727028, 1556719506, 1556719492, 1556714425, 1556714350, 1556701750, 1556686418, 1556680351, 1556521596, 1556415312, 1556363731, 1556297204]
[1556281993, 1556270675, 1556215426, 1556206392, 1556193717, 1556174638, 1556168691, 1556122915, 1556115344, 1556096010, 1556084332, 1556083851, 1556068571, 1556038504, 1556021984, 1555996764, 1555986302, 1555985726, 1555937625, 1555922921]
[1555838101, 1555823188, 1555776143, 1555754155, 1555751667, 1555742794, 1555742366, 1555741665, 1555721967, 1555688847, 1555680758, 1555655300, 1555634325, 1555594340, 1555504607, 1555500995, 1555466203, 1555419819, 1555343112, 1555236157]
[1555221167, 1555210875, 1555208097, 1555151638, 1555082937, 1555054169, 1554983135, 1554881747, 1554837895, 1554831064, 1554740434, 1554699718, 1554685520, 1554641914, 1554640357, 1554627643, 1554524034, 1554514654, 1554476569, 1554469425]
[1554462901, 1554452570, 1554436772, 1554375128, 1554361171, 1554339958, 1554334771, 1554188599, 1554174005, 1554123621, 1554096096, 1554095953, 1553954256, 1553939537, 1553790915, 1553748126, 1553702878, 1553694354, 1553615117, 1553594689]
[1553578267, 1553498574, 1553490938, 1553477046, 1553474899, 1553440331, 1553401746, 1553354366, 1553352769, 1553351059, 1553335520, 1553332169, 1553327352, 1553279495, 1553242271, 1553182552, 1553085880, 1553063420, 1553058205, 1552980356]
[1552949346, 1552914376, 1552903704, 1552814664, 1552810757, 1552736241, 1552695859, 1552645384, 1552576392, 1552531014, 1552516871, 1552445434, 1552398962, 1552398905, 1552387743, 1552371182, 1552285530, 1552241997, 1552198378, 1552189685]
[1552188703, 1552187774, 1552130083, 1552062394, 1552052330, 1552022933, 1552021254, 1551939274, 1551930437, 1551894085, 1551793994, 1551650746, 1551628165, 1551587487, 1551584886, 1551583733, 1551370370, 1551330779, 1551312469, 1551266400]
[1551249710, 1551246810, 1551186071, 1551172223, 1551141521, 1551088986, 1551085762, 1551035110, 1551024824, 1551017042, 1550948933, 1550926892, 1550924369, 1550707477, 1550587289, 1550576013, 1550539986, 1550504801, 1550462867, 1550439977]
[1550427092, 1550413115, 1550387198, 1550384099, 1550351804, 1550300259, 1550293103, 1550285897, 1550246039, 1550224337, 1550224304, 1550209443, 1550146467, 1550081919, 1550069435, 1550067581, 1550052320, 1550051153, 1550034556, 1550033020]
[1550025090, 1550016435, 1549988923, 1549984140, 1549972287, 1549894094, 1549850633, 1549847074, 1549811660, 1549803648, 1549799499, 1549774050, 1549755808, 1549728869, 1549718783, 1549717031, 1549712975, 1549645174, 1549642685, 1549639259]
[1549629229, 1549602939, 1549599821, 1549579105, 1549554375, 1549552358, 1549550361, 1549527212, 1549525759, 1549502099, 1549456414, 1549418076, 1549372387, 1549356241, 1549337093, 1549295913, 1549292300, 1549278486, 1549252709, 1549207670]
[1549206563, 1549194282, 1549188315, 1549179368, 1549147892, 1549081323, 1549038368, 1549032504, 1549019056, 1548934146, 1548930039, 1548913246, 1548883289, 1548866863, 1548861756, 1548854012, 1548835303, 1548834653, 1548834209, 1548823476]
[1548767424, 1548567753, 1548505653, 1548356092, 1548354023, 1548261472, 1548171262, 1548163328, 1548158150, 1548084427, 1548077092, 1548049295, 1547983370, 1547898805, 1547484735, 1547286521, 1547179820, 1547171479, 1547112438, 1547044320]
[1547002575, 1546966261, 1546933083, 1546925611, 1546878020, 1546875710, 1546874491, 1546869376, 1546788741, 1546753485, 1546712975, 1546703427, 1546698490, 1546695199, 1546621556, 1546452985, 1546418298, 1546349925, 1546318856, 1546287631]
[1546253865, 1546253431, 1546240261, 1546197157, 1546189627, 1546180470, 1546179863, 1546177370, 1546171206, 1546166856, 1546162304, 1546146182, 1546139384, 1546138887, 1546100190, 1546095075, 1546086027, 1546038664, 1545996272, 1545834752]
[1545780387, 1545739502, 1545568966, 1545550138, 1545458170, 1545367301, 1545298505, 1545216654, 1545113370, 1544985877, 1544977167, 1544976233, 1544976210, 1544962098, 1544883055, 1544877469, 1544875006, 1544715912, 1544698747, 1544678788]
[1544639484, 1544624329, 1544508796, 1544407137, 1544365377, 1544314954, 1544235203, 1544168970, 1544144121, 1544115649, 1544077691, 1544017597, 1544016177, 1543765322, 1543647578, 1543606096, 1543565586, 1543546381, 1543392486, 1543379999]
[1543314889, 1543292045, 1543218363, 1543172098, 1543060092, 1542851013, 1542778887, 1542704063, 1542684284, 1542590033, 1542551008, 1542541190, 1542462924, 1542456688, 1542376618, 1542372686, 1542369371, 1542340842, 1542340455, 1542333089]
[1542302283, 1542268098, 1542263639, 1542258401, 1542209026, 1542207385, 1542197215, 1542197194, 1542171020, 1542170894, 1542169518, 1542161142, 1542152365, 1542146004, 1542128526, 1542126787, 1542126131, 1542124809, 1542124083, 1542122224]
[1542122080, 1542120685, 1542119369, 1542118110, 1542116953, 1542115857, 1542115196, 1542114380, 1542111710, 1542111148, 1542109229, 1542108392, 1542107028, 1542106938, 1542106906, 1542106818, 1542105256, 1542105063, 1542103290, 1542102656]
[1542102098, 1542101804, 1542100721, 1542097891, 1542097586, 1542096793, 1542096765, 1542096472, 1542096273, 1542092614, 1542091046, 1542090953, 1542078612, 1542077110, 1542076506, 1542065636, 1542064719, 1542033330, 1542032963, 1542032849]
[1542031623, 1542025841, 1542023367, 1542022255, 1542022165, 1542018556, 1542018117, 1542017083, 1542016031, 1542015366, 1542013764, 1542011340]
