[1557336479, 1557285089, 1557271004, 1557243888, 1557204669, 1557161147, 1557057416, 1557028567, 1556949573, 1556930721, 1556922145, 1556912969, 1556904248, 1556904214, 1556880986, 1556862355, 1556825967, 1556816908, 1556811543, 1556811244]
[1556807949, 1556777673, 1556501298, 1556496198, 1556485589, 1556480421, 1556477454, 1556331996, 1556263381, 1556208352, 1556161058, 1556154104, 1556092791, 1556087421, 1556015705, 1555950480, 1555950088, 1555764771, 1555764013, 1555738703]
[1555698325, 1555683052, 1555680485, 1555650575, 1555616494, 1555609690, 1555590769, 1555573535, 1555566059, 1555563717, 1555500524, 1555475804, 1555442635, 1555416606, 1555346197, 1555240622, 1555179779, 1555174190, 1555038860, 1555007174]
[1554982181, 1554948900, 1554946469, 1554908644, 1554907560, 1554902630, 1554884461, 1554884418, 1554872473, 1554808551, 1554748103, 1554719928, 1554633897, 1554633633, 1554614753, 1554609772, 1554605620, 1554584763, 1554584059, 1554566953]
[1554551058, 1554551020, 1554527975, 1554509762, 1554451340, 1554410902, 1554405210, 1554234471, 1554234345, 1554219979, 1554202403, 1554173282, 1554146461, 1554135322, 1554133596, 1554131874, 1554114491, 1553995864, 1553969309, 1553877750]
[1553839345, 1553818062, 1553795530, 1553795268, 1553739234, 1553683289, 1553647503, 1553473962, 1553450271, 1553421030, 1553417987, 1553269210, 1553253256, 1553155191, 1553150484, 1553138007, 1553095855, 1553092172, 1553014776, 1553008708]
[1552997966, 1552984606, 1552921991, 1552886357, 1552808661, 1552798884, 1552782569, 1552745929, 1552738857, 1552725776, 1552681230, 1552623104, 1552574083, 1552568333, 1552555839, 1552498542, 1552492648, 1552486355, 1552484708, 1552470059]
[1552440850, 1552376210, 1552305889, 1552294292, 1552280680, 1552231633, 1552221332, 1552194866, 1552186613, 1552157134, 1552149895, 1552143025, 1552126204, 1552029135, 1552021437, 1552014392, 1551983704, 1551970451, 1551941506, 1551869953]
[1551848482, 1551801012, 1551800974, 1551794961, 1551769209, 1551716266, 1551708727, 1551628608, 1551608687, 1551591218, 1551490145, 1551483507, 1551480608, 1551447677, 1551435803, 1551434471, 1551409135, 1551393696, 1551374924, 1551369615]
[1551368742, 1551356163, 1551350134, 1551332520, 1551315181, 1551287255, 1551283929, 1551235248, 1551181759, 1551167052, 1551157805, 1551120045, 1551023398, 1551017137, 1551015497, 1551013266, 1551002008, 1550989727, 1550972943, 1550944793]
[1550908845, 1550904251, 1550900123, 1550818723, 1550818571, 1550800279, 1550799335, 1550745426, 1550726990, 1550682092, 1550678604, 1550678409, 1550665044, 1550662248, 1550645566, 1550634839, 1550596797, 1550591995, 1550588946, 1550588650]
[1550587014, 1550581515, 1550565758, 1550565712, 1550560263, 1550557783, 1550550742, 1550549956, 1550546369, 1550544685, 1550542819, 1550538452, 1550513761, 1550513421, 1550510799, 1550510298, 1550509473, 1550508539, 1550506123, 1550503770]
[1550502336, 1550500350, 1550492033, 1550480257, 1550471194, 1550470399, 1550467336, 1550459798, 1550436796, 1550425313, 1550405854, 1550378237, 1550375059, 1550341506, 1550340414, 1550329157, 1550324108, 1550247218, 1550235566, 1550224671]
[1550220966, 1550198872, 1550151800, 1550146954, 1550144323, 1550118264, 1550084605, 1550064593, 1550021400, 1549986148, 1549985174, 1549979677, 1549951215, 1549948842, 1549948806, 1549894389, 1549891856, 1549890015, 1549868545, 1549862425]
[1549821039, 1549813522, 1549812764, 1549804215, 1549793224, 1549791620, 1549790807, 1549776244, 1549770807, 1549742364, 1549716897, 1549694545, 1549691225, 1549654986, 1549647171, 1549552480, 1549476974, 1549468618, 1549467603, 1549467300]
[1549462006, 1549434757, 1549399371, 1549383560, 1549382498, 1549377679, 1549370694, 1549272236, 1549249233, 1549196774, 1549182599, 1549180866, 1549164540, 1549128331, 1549116473, 1549104779, 1549096871, 1549095120, 1549091690, 1549080458]
[1549077710, 1549071101, 1549053894, 1549014090, 1549007859, 1548958236, 1548943994, 1548876745, 1548865130, 1548861685, 1548861238, 1548785603, 1548763825, 1548759519, 1548641687, 1548604855, 1548592566, 1548574016, 1548573864, 1548573837]
[1548572435, 1548572096, 1548564994, 1548428614, 1548337577, 1548256612, 1548249566, 1548181991, 1548164368, 1548163751, 1548085547, 1548083771, 1548061661, 1548020520, 1547988744, 1547954457, 1547903924, 1547845247, 1547826593, 1547823247]
[1547736674, 1547654410, 1547575621, 1547562944, 1547561146, 1547550463, 1547400761, 1547397068, 1547276000, 1547213584, 1547137783, 1546915202, 1546836197, 1546750390, 1546698632, 1546674066, 1546668979, 1546613061, 1546605141, 1546588888]
[1546588814, 1546540769, 1546539149, 1546483139, 1546440059, 1546435625, 1546334396, 1546321854, 1546317246, 1546282485, 1546263490, 1546235567, 1546180579, 1546179840, 1546170670, 1546168246, 1546146715, 1546141331, 1546104858, 1546003120]
[1545893337, 1545751223, 1545572296, 1545527870, 1545104958, 1545049673, 1544859795, 1544810596, 1544697874, 1544507070, 1544441766, 1544440841, 1544369401, 1544286533, 1544172415, 1544144248, 1543750099, 1543544597, 1543508681, 1543442818]
[1543399845, 1543391979, 1543389320, 1543389215, 1543326176, 1543319502, 1543317228, 1543316112, 1543213544, 1543162718, 1543122797, 1543117924, 1543031595, 1542936191, 1542720312, 1542601384, 1542599562, 1542513797, 1542436749, 1542274700]
[1542257604, 1542216917, 1542168280, 1542155489, 1542134853, 1542128609, 1542125578, 1542124347, 1542115156, 1542113345, 1542112867, 1542112286, 1542112227, 1542107835, 1542107284, 1542103375, 1542103338, 1542103222, 1542103090, 1542102960]
[1542102714, 1542102333, 1542102178, 1542102121, 1542100798, 1542100479, 1542099466, 1542098757, 1542098519, 1542098445, 1542098385, 1542097970, 1542097625, 1542097476, 1542097240, 1542096289, 1542096011, 1542095915, 1542094361, 1542093910]
[1542093867, 1542093383, 1542093277, 1542092684, 1542092513, 1542092443, 1542092386, 1542092177, 1542092013, 1542091791, 1542091180, 1542091142, 1542091108, 1542090487, 1542090472, 1542087150, 1542072104, 1542045118, 1542042558, 1542039850]
[1542036767, 1542034771, 1542034184, 1542029599, 1542029078, 1542027092, 1542026499, 1542026144, 1542023757, 1542020162, 1542019871, 1542019266, 1542019002, 1542018033, 1542017767, 1542017352, 1542015649, 1542014577, 1542013629, 1537528052]
[1537527932, 1537527724]
