[1557316125, 1557249308, 1557245806, 1557244348, 1557240548, 1557233220, 1557226081, 1557216558, 1557200989, 1557149272, 1557126534, 1557104256, 1557072442, 1557068587, 1557062474, 1557047823, 1556955228, 1556946845, 1556945128, 1556935944]
[1556935412, 1556903978, 1556882854, 1556776699, 1556719670, 1556714120, 1556650913, 1556646045, 1556643020, 1556641388, 1556640838, 1556599846, 1556542783, 1556518303, 1556495508, 1556457963, 1556446994, 1556421989, 1556417237, 1556413700]
[1556357642, 1556348239, 1556336500, 1556331428, 1556327979, 1556295998, 1556295860, 1556289908, 1556289295, 1556284571, 1556284548, 1556279486, 1556275126, 1556267762, 1556267584, 1556267285, 1556267283, 1556265735, 1556257696, 1556255132]
[1556253216, 1556251501, 1556247857, 1556246640, 1556245232, 1556244729, 1556244419, 1556242046, 1556236440, 1556235687, 1556234594, 1556234314, 1556233599, 1556233384, 1556230929, 1556230426, 1556229255, 1556225240, 1556217519, 1556215858]
[1556215092, 1556213944, 1556213375, 1556211549, 1556211499, 1556211239, 1556210167, 1556210108, 1556209770, 1556209626, 1556209498, 1556209374, 1556209163, 1556209142, 1556208725, 1556208640, 1556208556, 1556208156, 1556208153, 1556208106]
[1556207762, 1556207719, 1556207704, 1556206557, 1556206307, 1556204287, 1556199681, 1556198115, 1556189890, 1556187705, 1556177505, 1556158743, 1556108675, 1556104158, 1556083609, 1556068274, 1556033113, 1556030200, 1556010040, 1556000766]
[1555998200, 1555997865, 1555952520, 1555937505, 1555930522, 1555928360, 1555919650, 1555890178, 1555890100, 1555866555, 1555865176, 1555865035, 1555857026, 1555853946, 1555844542, 1555826136, 1555818920, 1555816547, 1555779123, 1555777775]
[1555717015, 1555686420, 1555681644, 1555666446, 1555635177, 1555596622, 1555588112, 1555578195, 1555559790, 1555501108, 1555477994, 1555477731, 1555477490, 1555474329, 1555473058, 1555457826, 1555429708, 1555418838, 1555385556, 1555374891]
[1555340937, 1555260418, 1555251401, 1555230523, 1555213006, 1555166524, 1555129661, 1555073751, 1555071204, 1555039536, 1554975608, 1554969296, 1554967189, 1554964976, 1554948518, 1554907487, 1554893631, 1554872236, 1554870732, 1554870688]
[1554832468, 1554830632, 1554825924, 1554785991, 1554739218, 1554734119, 1554702669, 1554697098, 1554688547, 1554684364, 1554683275, 1554679479, 1554662557, 1554649165, 1554647295, 1554636405, 1554635200, 1554634792, 1554599535, 1554572534]
[1554566757, 1554556517, 1554521707, 1554510212, 1554479461, 1554476682, 1554476560, 1554460387, 1554437722, 1554436955, 1554435859, 1554431478, 1554429903, 1554403658, 1554377373, 1554356062, 1554352758, 1554336876, 1554335152, 1554333855]
[1554298355, 1554291504, 1554272804, 1554270804, 1554266271, 1554255811, 1554215161, 1554186514, 1554127919, 1554104511, 1554092826, 1554090072, 1554056696, 1554045492, 1554041543, 1554035637, 1554034945, 1554032943, 1554011594, 1553966927]
[1553955373, 1553952085, 1553948877, 1553945138, 1553936576, 1553886078, 1553885918, 1553875653, 1553874060, 1553870175, 1553868385, 1553863646, 1553858360, 1553839562, 1553837590, 1553836555, 1553833181, 1553825710, 1553821036, 1553814299]
[1553796844, 1553792257, 1553789529, 1553789099, 1553781577, 1553775418, 1553763154, 1553762400, 1553760942, 1553744772, 1553742618, 1553740515, 1553737476, 1553707331, 1553697992, 1553668338, 1553657627, 1553653890, 1553653279, 1553649145]
[1553647987, 1553641731, 1553637816, 1553622737, 1553618009, 1553613285, 1553611173, 1553609281, 1553609021, 1553600961, 1553591774, 1553588181, 1553587809, 1553586814, 1553579819, 1553575546, 1553573561, 1553571791, 1553570328, 1553569411]
[1553569075, 1553569055, 1553566486, 1553565880, 1553562789, 1553561700, 1553561064, 1553559516, 1553557740, 1553557259, 1553557023, 1553556975, 1553556291, 1553555774, 1553554169, 1553553988, 1553552736, 1553551421, 1553551120, 1553550884]
[1553543774, 1553542148, 1553541322, 1553538717, 1553537597, 1553537503, 1553535362, 1553535195, 1553534650, 1553533457, 1553533088, 1553532408, 1553531649, 1553531453, 1553530994, 1553530982, 1553530855, 1553530807, 1553530750, 1553530709]
[1553530608, 1553530526, 1553530464, 1553530450, 1553530428, 1553530426, 1553530377, 1553530360, 1553530342, 1553530276, 1553530261, 1553530234, 1553529862, 1553529846, 1553529753, 1553529683, 1553529676, 1553529675, 1553529634, 1553529557]
[1553529539, 1553528531, 1553525026, 1553524698, 1553516249, 1553516062, 1553507932, 1553495277, 1553492198, 1553485941, 1553474438, 1553451336, 1553443783, 1553441909, 1553417205, 1553401859, 1553393541, 1553389596, 1553365428, 1553361447]
[1553350951, 1553345154, 1553329890, 1553313292, 1553280233, 1553276437, 1553261249, 1553260635, 1553258693, 1553239900, 1553228247, 1553204401, 1553195588, 1553153584, 1553149298, 1553141060, 1553140670, 1553139094, 1553134574, 1553127651]
[1553127634, 1553127625, 1553127493, 1553100774, 1553097879, 1553064500, 1553059514, 1553054165, 1553053015, 1553051660, 1553040070, 1553022950, 1553008693, 1552999998, 1552991666, 1552985970, 1552980883, 1552980640, 1552978516, 1552973400]
[1552972543, 1552971530, 1552970995, 1552965008, 1552955144, 1552938931, 1552932002, 1552920106, 1552913293, 1552903377, 1552893054, 1552881213, 1552842825, 1552832039, 1552830451, 1552829988, 1552806196, 1552800829, 1552785265, 1552734752]
[1552734000, 1552721760, 1552721746, 1552721707, 1552716184, 1552702848, 1552697308, 1552666757, 1552645829, 1552622330, 1552612378, 1552611543, 1552585747, 1552580943, 1552580223, 1552577583, 1552571413, 1552568759, 1552542234, 1552532234]
[1552528513, 1552523986, 1552523330, 1552498036, 1552496368, 1552492347, 1552490312, 1552487161, 1552486347, 1552484869, 1552480561, 1552477861, 1552465648, 1552450103, 1552447226, 1552445828, 1552443759, 1552442328, 1552410063, 1552409151]
[1552408344, 1552407381, 1552406831, 1552406126, 1552405962, 1552399280, 1552394600, 1552393664, 1552384581, 1552383635, 1552379426, 1552377158, 1552377133, 1552375905, 1552373606, 1552369663, 1552368865, 1552366991, 1552366347, 1552364801]
[1552359589, 1552357330, 1552354541, 1552352532, 1552345621, 1552330680, 1552326823, 1552325775, 1552324472, 1552323936, 1552323707, 1552323691, 1552323517, 1552321365, 1552313500, 1552311947, 1552304529, 1552296045, 1552292068, 1552288494]
[1552287914, 1552284993, 1552279298, 1552274630, 1552264242, 1552230906, 1552228018, 1552223341, 1552218022, 1552217984, 1552213991, 1552208397, 1552201242, 1552195336, 1552191575, 1552186632, 1552182899, 1552148995, 1552146119, 1552124103]
[1552121626, 1552117326, 1552116403, 1552113933, 1552110556, 1552107637, 1552103177, 1552066130, 1552064711, 1552051800, 1552044577, 1552034511, 1552028916, 1552018448, 1552000038, 1551973929, 1551970230, 1551962861, 1551960498, 1551960364]
[1551959743, 1551947592, 1551929142, 1551914831, 1551914010, 1551894934, 1551883363, 1551873676, 1551870655, 1551869709, 1551864051, 1551843562, 1551843055, 1551831491, 1551829018, 1551823156, 1551799647, 1551797855, 1551797040, 1551792596]
[1551789691, 1551777741, 1551760475, 1551760182, 1551757378, 1551755299, 1551749760, 1551747628, 1551747094, 1551731223, 1551724290, 1551715787, 1551714747, 1551714414, 1551713631, 1551712932, 1551711674, 1551711080, 1551708704, 1551707487]
[1551703169, 1551695068, 1551693765, 1551693171, 1551692014, 1551691856, 1551691280, 1551691121, 1551691074, 1551690861, 1551690009, 1551689146, 1551688947, 1551688734, 1551688459, 1551688076, 1551687980, 1551687593, 1551687547, 1551687424]
[1551687380, 1551687152, 1551687106, 1551687100, 1551687087, 1551683980, 1551676346, 1551626655, 1551624114, 1551610829, 1551609680, 1551604211, 1551601517, 1551598793, 1551593401, 1551592262, 1551587876, 1551580246, 1551576128, 1551557407]
[1551554553, 1551549326, 1551548445, 1551537910, 1551534118, 1551529393, 1551525738, 1551505525, 1551499583, 1551498887, 1551498418, 1551497694, 1551496174, 1551494470, 1551492244, 1551488795, 1551488736, 1551466941, 1551460082, 1551457296]
[1551456870, 1551456487, 1551456212, 1551455976, 1551455963, 1551452137, 1551450807, 1551449263, 1551440214, 1551438602, 1551434729, 1551433979, 1551430328, 1551430109, 1551428103, 1551427463, 1551424007, 1551418034, 1551415766, 1551411899]
[1551404046, 1551379909, 1551379565, 1551368777, 1551368749, 1551367980, 1551367404, 1551366628, 1551364742, 1551364255, 1551364108, 1551360573, 1551354648, 1551354138, 1551345961, 1551343694, 1551339457, 1551331698, 1551331203, 1551322377]
[1551320063, 1551319587, 1551319416, 1551297863, 1551295955, 1551292090, 1551288196, 1551287813, 1551287180, 1551283776, 1551282178, 1551281942, 1551281388, 1551279499, 1551278699, 1551275879, 1551275691, 1551273998, 1551269109, 1551263494]
[1551261982, 1551261831, 1551257994, 1551253332, 1551247717, 1551244544, 1551244480, 1551243726, 1551243327, 1551241789, 1551241596, 1551241056, 1551239091, 1551238466, 1551236991, 1551231692, 1551230981, 1551228703, 1551227775, 1551225610]
[1551220848, 1551219850, 1551213105, 1551212278, 1551208085, 1551205819, 1551205787, 1551204724, 1551204509, 1551203464, 1551203064, 1551201731, 1551201387, 1551201095, 1551201009, 1551200462, 1551200002, 1551199720, 1551199466, 1551199298]
[1551197681, 1551197007, 1551196300, 1551196272, 1551195968, 1551195464, 1551195158, 1551194761, 1551193386, 1551193078, 1551191446, 1551190948, 1551189962, 1551189890, 1551189883, 1551189434, 1551188014, 1551187487, 1551186866, 1551185991]
[1551185106, 1551183442, 1551183360, 1551183116, 1551182268, 1551180097, 1551180053, 1551179402, 1551179251, 1551178458, 1551176650, 1551174714, 1551174412, 1551171972, 1551171244, 1551171031, 1551170279, 1551169898, 1551168810, 1551168601]
[1551168240, 1551167533, 1551167080, 1551166526, 1551165756, 1551165696, 1551165529, 1551164135, 1551163622, 1551163602, 1551161496, 1551161332, 1551161131, 1551160614, 1551160578, 1551160577, 1551159661, 1551159182, 1551158925, 1551158815]
[1551158808, 1551157782, 1551157057, 1551156956, 1551155552, 1551154141, 1551154109, 1551153343, 1551151920, 1551149707, 1551149505, 1551149120, 1551148165, 1551147915, 1551147128, 1551146855, 1551145923, 1551145079, 1551145039, 1551144945]
[1551144930, 1551144766, 1551144748, 1551144215, 1551143274, 1551143114, 1551142879, 1551142659, 1551142380, 1551142307, 1551141494, 1551141354, 1551141328, 1551141236, 1551141219, 1551140890, 1551140884, 1551140254, 1551139659, 1551139621]
[1551139210, 1551139077, 1551138742, 1551138603, 1551138217, 1551138027, 1551137584, 1551137565, 1551137293, 1551136887, 1551129836, 1551124826, 1551124459, 1551124054, 1551120508, 1551119102, 1551118836, 1551118618, 1551118358, 1551117635]
[1551117125, 1551116991, 1551116575, 1551116413, 1551116164, 1551116058, 1551115946, 1551115640, 1551115590, 1551115386, 1551115227, 1551114940, 1551114775, 1551114729, 1551114661, 1551114472, 1551114258, 1551114068, 1551114011, 1551113883]
[1551113883, 1551113874, 1551113350, 1551113186, 1551112693, 1551112523, 1551112143, 1551112018, 1551111895, 1551111883, 1551111677, 1551111573, 1551111550, 1551111466, 1551111331, 1551111220, 1551111219, 1551111206, 1551111154, 1551111017]
[1551110995, 1551110912, 1551110886, 1551110873, 1551110847, 1551110730, 1551110706, 1551110660, 1551110590, 1551110500, 1551110470, 1551110433, 1551101515, 1551093771, 1551070710, 1551067186, 1551027688, 1551017152, 1551007990, 1550985827]
[1550982771, 1550979748, 1550913742, 1550909288, 1550898115, 1550895342, 1550893749, 1550890550, 1550884480, 1550862262, 1550860425, 1550859860, 1550858006, 1550852439, 1550851990, 1550851670, 1550850090, 1550842157, 1550840387, 1550823529]
[1550820834, 1550820224, 1550806624, 1550799411, 1550778882, 1550760406, 1550760384, 1550759868, 1550758686, 1550758079, 1550756083, 1550753163, 1550751213, 1550742078, 1550741244, 1550732252, 1550721927, 1550711256, 1550688365, 1550683236]
[1550679014, 1550676284, 1550666156, 1550665041, 1550662737, 1550661111, 1550646876, 1550646573, 1550638761, 1550638242, 1550631449, 1550622175, 1550603140, 1550599470, 1550596819, 1550590798, 1550589044, 1550588095, 1550584311, 1550584083]
[1550583869, 1550581156, 1550570745, 1550570483, 1550570325, 1550570081, 1550568906, 1550568841, 1550568795, 1550568767, 1550568729, 1550568686, 1550566262, 1550564840, 1550563766, 1550563515, 1550559578, 1550559238, 1550557457, 1550557370]
[1550557091, 1550556191, 1550553850, 1550551485, 1550549556, 1550546880, 1550544880, 1550543816, 1550542513, 1550538164, 1550537048, 1550520136, 1550515178, 1550513621, 1550512230, 1550510937, 1550509610, 1550509385, 1550508151, 1550505564]
[1550486467, 1550476887, 1550463115, 1550458804, 1550450364, 1550450156, 1550426522, 1550424026, 1550416297, 1550416166, 1550415156, 1550414000, 1550413032, 1550412604, 1550410391, 1550409258, 1550409095, 1550406299, 1550397724, 1550392106]
[1550390494, 1550385967, 1550374446, 1550362864, 1550341763, 1550341637, 1550337293, 1550328819, 1550319618, 1550317473, 1550317400, 1550314726, 1550312552, 1550310829, 1550301053, 1550298041, 1550297405, 1550291868, 1550274547, 1550272676]
[1550254429, 1550245828, 1550241170, 1550239306, 1550236384, 1550231512, 1550224873, 1550223056, 1550214260, 1550213588, 1550210852, 1550210614, 1550206782, 1550206730, 1550206687, 1550203548, 1550203414, 1550202541, 1550195627, 1550189234]
[1550174998, 1550170059, 1550169209, 1550167031, 1550165936, 1550160742, 1550160291, 1550158926, 1550157517, 1550156055, 1550155392, 1550153030, 1550147873, 1550146054, 1550145404, 1550135508, 1550134343, 1550133952, 1550133857, 1550130496]
[1550124104, 1550118960, 1550114671, 1550103886, 1550101602, 1550098063, 1550091048, 1550077675, 1550076771, 1550074647, 1550071193, 1550070531, 1550070051, 1550064097, 1550063262, 1550057635, 1550055925, 1550054635, 1550051697, 1550050819]
[1550050690, 1550049035, 1550046510, 1550043605, 1550041015, 1550038190, 1550037289, 1550032131, 1550030745, 1550029083, 1550025687, 1550023842, 1550022664, 1550021575, 1550021200, 1550018134, 1549996913, 1549996195, 1549995072, 1549989847]
[1549988935, 1549988830, 1549988746, 1549988122, 1549987279, 1549985449, 1549974656, 1549973326, 1549970682, 1549969905, 1549967516, 1549967057, 1549964815, 1549964498, 1549964034, 1549963829, 1549961671, 1549960875, 1549960746, 1549959970]
[1549958629, 1549958606, 1549954608, 1549952801, 1549947600, 1549947446, 1549944368, 1549941883, 1549939503, 1549939367, 1549937732, 1549936656, 1549936475, 1549935120, 1549932343, 1549912525, 1549909892, 1549908466, 1549907824, 1549907552]
[1549906411, 1549904741, 1549904610, 1549904483, 1549904389, 1549904300, 1549902808, 1549902212, 1549897931, 1549896268, 1549892956, 1549892439, 1549880935, 1549880448, 1549879105, 1549877709, 1549876336, 1549871651, 1549864094, 1549863238]
[1549861819, 1549857781, 1549854377, 1549849255, 1549828655, 1549823888, 1549817933, 1549814928, 1549813180, 1549812396, 1549812308, 1549797331, 1549788561, 1549787983, 1549785448, 1549784010, 1549782169, 1549779171, 1549775473, 1549771356]
[1549771184, 1549767611, 1549766992, 1549765285, 1549748396, 1549740292, 1549731240, 1549731095, 1549728749, 1549728093, 1549724785, 1549720669, 1549718757, 1549718044, 1549711209, 1549707247, 1549704408, 1549702302, 1549700172, 1549699411]
[1549697904, 1549696861, 1549683751, 1549681602, 1549676509, 1549654623, 1549647129, 1549646063, 1549641888, 1549641874, 1549641682, 1549641675, 1549639936, 1549638377, 1549631540, 1549629913, 1549623113, 1549619961, 1549612965, 1549611799]
[1549602255, 1549601354, 1549589646, 1549582620, 1549563176, 1549558470, 1549555269, 1549555265, 1549555181, 1549555145, 1549552058, 1549550262, 1549545100, 1549537792, 1549537549, 1549535840, 1549535806, 1549535270, 1549535203, 1549531820]
[1549529967, 1549527842, 1549524716, 1549518355, 1549509892, 1549507962, 1549505065, 1549491133, 1549465808, 1549463969, 1549461626, 1549461587, 1549459146, 1549458957, 1549458220, 1549457935, 1549453052, 1549451921, 1549450297, 1549449458]
[1549447283, 1549446567, 1549446492, 1549446379, 1549444295, 1549441785, 1549439802, 1549435606, 1549435107, 1549434511, 1549434289, 1549434283, 1549432607, 1549430388, 1549430068, 1549430035, 1549424556, 1549421228, 1549418916, 1549418750]
[1549416960, 1549404641, 1549404478, 1549395508, 1549394956, 1549390954, 1549390674, 1549388912, 1549386077, 1549385801, 1549385382, 1549384142, 1549384134, 1549383712, 1549382817, 1549382110, 1549381506, 1549376708, 1549375970, 1549372879]
[1549370916, 1549370468, 1549369001, 1549368778, 1549366060, 1549362604, 1549360758, 1549360576, 1549359619, 1549356686, 1549355610, 1549355580, 1549354308, 1549353101, 1549352149, 1549351301, 1549348230, 1549348048, 1549347848, 1549346699]
[1549346644, 1549345731, 1549345423, 1549342388, 1549342292, 1549336928, 1549336862, 1549336530, 1549321259, 1549311359, 1549305930, 1549304899, 1549304450, 1549304169, 1549301931, 1549301677, 1549298039, 1549298028, 1549296543, 1549296478]
[1549294526, 1549294257, 1549293354, 1549292481, 1549291680, 1549289413, 1549283242, 1549280925, 1549279815, 1549279298, 1549277026, 1549276606, 1549275803, 1549271285, 1549270574, 1549269369, 1549268600, 1549263280, 1549260429, 1549258195]
[1549257775, 1549257665, 1549257514, 1549257402, 1549256130, 1549254002, 1549253918, 1549253527, 1549252764, 1549249116, 1549242046, 1549218406, 1549213212, 1549212573, 1549212569, 1549212122, 1549211740, 1549211649, 1549210864, 1549210631]
[1549210556, 1549210120, 1549209978, 1549209936, 1549209896, 1549209885, 1549209872, 1549209781, 1549209602, 1549209524, 1549208040, 1549207656, 1549207394, 1549207324, 1549207148, 1549206578, 1549206255, 1549205993, 1549204774, 1549204692]
[1549203839, 1549203182, 1549201409, 1549199349, 1549198964, 1549197694, 1549197447, 1549197390, 1549197165, 1549197006, 1549196826, 1549196437, 1549195253, 1549195147, 1549195061, 1549194417, 1549193837, 1549193636, 1549192199, 1549191645]
[1549191411, 1549190108, 1549188747, 1549188342, 1549188304, 1549187605, 1549186981, 1549186856, 1549186842, 1549186266, 1549186230, 1549185573, 1549185173, 1549184612, 1549182664, 1549181825, 1549181004, 1549180615, 1549180139, 1549179981]
[1549179565, 1549179230, 1549178889, 1549178828, 1549178812, 1549178778, 1549178662, 1549178136, 1549177612, 1549177435, 1549177357, 1549177028, 1549175217, 1549174252, 1549173910, 1549173166, 1549172808, 1549172266, 1549170129, 1549170104]
[1549169966, 1549169712, 1549169384, 1549169263, 1549168123, 1549167529, 1549167251, 1549166918, 1549166642, 1549164219, 1549164168, 1549163248, 1549160021, 1549159517, 1549158798, 1549157957, 1549157555, 1549156033, 1549151406, 1549143792]
[1549143185, 1549140111, 1549136656, 1549136545, 1549130949, 1549129734, 1549129695, 1549128487, 1549128322, 1549128139, 1549127161, 1549125933, 1549124529, 1549124522, 1549123923, 1549122708, 1549122252, 1549121200, 1549121045, 1549120413]
[1549119222, 1549118909, 1549118043, 1549117417, 1549117182, 1549116526, 1549116513, 1549116411, 1549115249, 1549115168, 1549115137, 1549114791, 1549113692, 1549112848, 1549112746, 1549111794, 1549111679, 1549111381, 1549111025, 1549109979]
[1549109381, 1549108498, 1549108080, 1549107516, 1549107487, 1549106724, 1549105612, 1549105265, 1549105150, 1549105098, 1549104692, 1549104052, 1549103930, 1549103857, 1549103159, 1549102447, 1549102431, 1549100861, 1549100652, 1549100084]
[1549099469, 1549099466, 1549099373, 1549098394, 1549098355, 1549098346, 1549098239, 1549097126, 1549096706, 1549095993, 1549095857, 1549095844, 1549095626, 1549094660, 1549093686, 1549091575, 1549091571, 1549091537, 1549091446, 1549091049]
[1549090677, 1549090622, 1549089815, 1549089321, 1549089158, 1549089078, 1549087119, 1549086443, 1549085713, 1549085692, 1549085681, 1549085235, 1549085212, 1549085170, 1549084989, 1549084870, 1549084701, 1549084689, 1549084505, 1549084012]
[1549083993, 1549083829, 1549083782, 1549083757, 1549083409, 1549082393, 1549082167, 1549081963, 1549081846, 1549081201, 1549080473, 1549080472, 1549080446, 1549080332, 1549079781, 1549079613, 1549079261, 1549079113, 1549078979, 1549078801]
[1549078786, 1549078530, 1549078279, 1549078224, 1549078213, 1549077992, 1549077834, 1549076865, 1549076198, 1549076113, 1549075660, 1549075639, 1549075254, 1549075216, 1549075012, 1549074409, 1549074267, 1549074061, 1549073862, 1549073781]
[1549073740, 1549073418, 1549073369, 1549072331, 1549072039, 1549071830, 1549071824, 1549071760, 1549071681, 1549071645, 1549071605, 1549071530, 1549071503, 1549071484, 1549071402, 1549071259, 1549071179, 1549071169, 1549071129, 1549071010]
[1549070786, 1549070778, 1549070538, 1549070460, 1549070016, 1549069778, 1549069604, 1549069247, 1549069124, 1549068880, 1549068648, 1549068571, 1549068344, 1549068309, 1549068037, 1549067834, 1549067781, 1549067385, 1549067283, 1549067132]
[1549067014, 1549066785, 1549066404, 1549066115, 1549064206, 1549063830, 1549063609, 1549063284, 1549062353, 1549061600, 1549060857, 1549055037, 1549054739, 1549052037, 1549051020, 1549048334, 1549046374, 1549045640, 1549045029, 1549044349]
[1549044041, 1549043961, 1549043530, 1549043512, 1549043479, 1549043339, 1549043279, 1549042965, 1549042956, 1549042674, 1549041992, 1549041836, 1549041683, 1549041678, 1549041480, 1549041434, 1549041245, 1549041036, 1549041030, 1549040975]
[1549040516, 1549040382, 1549040340, 1549040178, 1549040131, 1549039970, 1549039793, 1549039782, 1549039722, 1549039648, 1549039559, 1549039269, 1549039203, 1549039150, 1549038934, 1549038831, 1549038584, 1549038378, 1549038184, 1549037975]
[1549037828, 1549037631, 1549037623, 1549037515, 1549037219, 1549037195, 1549037063, 1549036989, 1549036908, 1549036693, 1549036595, 1549036478, 1549036446, 1549036118, 1549036048, 1549035773, 1549035274, 1549034752, 1549034363, 1549034359]
[1549033496, 1549033368, 1549032959, 1549032127, 1549032082, 1549031459, 1549031190, 1549031188, 1549030969, 1549030566, 1549030539, 1549030328, 1549030006, 1549029625, 1549029540, 1549029412, 1549029382, 1549029358, 1549029353, 1549028906]
[1549028645, 1549028596, 1549028561, 1549028551, 1549028299, 1549028098, 1549027967, 1549027956, 1549027725, 1549026768, 1549026623, 1549026121, 1549026105, 1549025873, 1549025691, 1549025688, 1549025444, 1549025340, 1549024801, 1549024583]
[1549024302, 1549024010, 1549024008, 1549023888, 1549023591, 1549023492, 1549023469, 1549022912, 1549022878, 1549022781, 1549022611, 1549022383, 1549022271, 1549022032, 1549021298, 1549020935, 1549020774, 1549020324, 1549020220, 1549020090]
[1549020031, 1549019900, 1549019881, 1549019793, 1549019747, 1549019635, 1549019585, 1549019453, 1549019036, 1549018956, 1549018775, 1549018677, 1549018377, 1549018357, 1549018077, 1549018038, 1549017822, 1549017680, 1549017294, 1549017154]
[1549017108, 1549017087, 1549016687, 1549016473, 1549016361, 1549016211, 1549016202, 1549016175, 1549016074, 1549015826, 1549015669, 1549015501, 1549015258, 1549015194, 1549015178, 1549015163, 1549015048, 1549015042, 1549014867, 1549014602]
[1549014078, 1549013897, 1549013724, 1549013714, 1549013652, 1549013628, 1549013605, 1549013289, 1549013269, 1549013220, 1549013095, 1549012893, 1549012881, 1549012600, 1549012288, 1549012241, 1549012188, 1549012178, 1549012122, 1549012008]
[1549011916, 1549011834, 1549011710, 1549011702, 1549011494, 1549011210, 1549010947, 1549010940, 1549010730, 1549010466, 1549010103, 1549009835, 1549009700, 1549009657, 1549009645, 1549009588, 1549009048, 1549009035, 1549008877, 1549008656]
[1549008639, 1549008443, 1549008405, 1549008356, 1549008252, 1549008193, 1549007967, 1549007940, 1549007846, 1549007825, 1549007801, 1549007718, 1549007685, 1549007441, 1549007391, 1549007140, 1549007000, 1549006994, 1549006990, 1549006741]
[1549006612, 1549006448, 1549006404, 1549006394, 1549006347, 1549006319, 1549006265, 1549006090, 1549005963, 1549005873, 1549005766, 1549005450, 1549005416, 1549005335, 1549005249, 1549005218, 1549005142, 1549004887, 1549004868, 1549004718]
[1549004636, 1549004599, 1549004500, 1549004478, 1549004410, 1549004125, 1549004100, 1549004090, 1549003991, 1549003904, 1549003899, 1549003877, 1549003853, 1549003829, 1549003827, 1549003809, 1549003804, 1549003797, 1549003793, 1549003791]
[1549003788, 1549003772, 1549003760, 1549003752, 1549003722, 1549003709, 1549003686, 1549003664, 1549003663, 1549003637, 1549003624, 1549003606, 1549003565, 1549003540, 1549003516, 1549003512, 1549003504, 1549003496, 1549003492, 1549003487]
[1549003455, 1549003452, 1549003438, 1549003400, 1549003395, 1549003384, 1549002351, 1549002266]
