[1557372438, 1557369862, 1557367972, 1557332949, 1557330700, 1557322743, 1557316599, 1557313540, 1557306176, 1557304528, 1557303767, 1557301188, 1557299841, 1557296924, 1557294618, 1557291946, 1557291219, 1557289464, 1557289176, 1557285950, 1557236898]
[1557285104, 1557285061, 1557285055, 1557285050, 1557280549, 1557278223, 1557274432, 1557272611, 1557270228, 1557251452, 1557248578, 1557247981, 1557246842, 1557246348, 1557245726, 1557245553, 1557245153, 1557244744, 1557243935, 1557243134, 1557236898]
[1557236898, 1557193925, 1557190600, 1557177507, 1557161633, 1557161596, 1557159165, 1557152888, 1557148590, 1557143174, 1557138182, 1557133705, 1557133124, 1557131135, 1557118337, 1557108644, 1557076748, 1557074966, 1557060632, 1557060375, 1557236898]
[1557054572, 1557049399, 1557034647, 1557032663, 1557011525, 1556997783, 1556979045, 1556975931, 1556972850, 1556955856, 1556946256, 1556940571, 1556938044, 1556935555, 1556935455, 1556927378, 1556907142, 1556904940, 1556900826, 1556899935, 1557236898]
[1556890946, 1556882140, 1556882096, 1556880287, 1556858956, 1556816169, 1556812744, 1556809991, 1556800500, 1556788413, 1556788071, 1556785642, 1556776323, 1556769898, 1556754990, 1556739680, 1556718408, 1556718390, 1556716159, 1556714161, 1557236898]
[1556712545, 1556702571, 1556702442, 1556697832, 1556693448, 1556688013, 1556682453, 1556675948, 1556673492, 1556672667, 1556669459, 1556644387, 1556643239, 1556641097, 1556639325, 1556636301, 1556635996, 1556630349, 1556624176, 1556623535, 1557236898]
[1556591495, 1556586879, 1556585822, 1556584670, 1556559494, 1556544326, 1556503553, 1556502869, 1556479856, 1556477643, 1556433992, 1556425560, 1556417647, 1556414284, 1556377951, 1556369672, 1556369464, 1556361989, 1556361264, 1556342415, 1557236898]
[1556328713, 1556300438, 1556293519, 1556281356, 1556277641, 1556269017, 1556249578, 1556239244, 1556236491, 1556209556, 1556208650, 1556203984, 1556201942, 1556198532, 1556189918, 1556181612, 1556162412, 1556160277, 1556122924, 1556118205, 1557236898]
[1556104564, 1556082456, 1556066442, 1556064827, 1556037989, 1556037454, 1556035785, 1556018533, 1556016417, 1556015416, 1556007688, 1555990371, 1555990338, 1555948240, 1555921209, 1555910220, 1555908387, 1555865900, 1555855782, 1555833545, 1557236898]
[1555826692, 1555826403, 1555825293, 1555821651, 1555821606, 1555819486, 1555802887, 1555798888, 1555781652, 1555777335, 1555775183, 1555774215, 1555768324, 1555766331, 1555762200, 1555751084, 1555745513, 1555742940, 1555738364, 1555732925, 1557236898]
[1555731069, 1555724246, 1555722958, 1555716817, 1555651677, 1555646752, 1555645131, 1555642734, 1555636493, 1555633903, 1555608146, 1555604171, 1555597264, 1555595320, 1555593033, 1555591452, 1555590046, 1555588936, 1555567441, 1555561444, 1557236898]
[1555555781, 1555528147, 1555518518, 1555516839, 1555516375, 1555511045, 1555507943, 1555505281, 1555492036, 1555485557, 1555485332, 1555481505, 1555481356, 1555481322, 1555478643, 1555477609, 1555470463, 1555469904, 1555465260, 1555458000, 1557236898]
[1555453602, 1555444239, 1555433893, 1555432964, 1555430500, 1555429992, 1555427616, 1555425000, 1555423535, 1555421001, 1555420895, 1555420446, 1555420031, 1555418992, 1555418980, 1555418977, 1555418670, 1555418516, 1555418378, 1555418069, 1557236898]
[1555417309, 1555415842, 1555406658, 1555401494, 1555397708, 1555396672, 1555394263, 1555392683, 1555387332, 1555387261, 1555387250, 1555383553, 1555380418, 1555380016, 1555379458, 1555379073, 1555377654, 1555377074, 1555374590, 1555374412, 1557236898]
[1555372047, 1555371188, 1555362842, 1555357520, 1555344840, 1555343641, 1555341868, 1555341526, 1555339516, 1555338527, 1555335245, 1555332540, 1555332225, 1555331737, 1555331652, 1555331084, 1555331069, 1555330468, 1555330235, 1555327629, 1557236898]
[1555327085, 1555326846, 1555326616, 1555325416, 1555323879, 1555322920, 1555322754, 1555322646, 1555321985, 1555321622, 1555321195, 1555320783, 1555320325, 1555319451, 1555319077, 1555318883, 1555318456, 1555317938, 1555315832, 1555315830, 1557236898]
[1555314535, 1555313963, 1555313822, 1555313699, 1555313210, 1555312141, 1555311621, 1555309487, 1555308609, 1555308592, 1555308545, 1555307996, 1555307936, 1555307642, 1555306621, 1555305991, 1555305136, 1555304804, 1555304437, 1555304392, 1557236898]
[1555304319, 1555304231, 1555304230, 1555304120, 1555304107, 1555303889, 1555303771, 1555303382, 1555303191, 1555303186, 1555303178, 1555303175, 1555303137, 1555303049, 1555303048, 1555302762, 1555302711, 1555302697, 1555302641, 1555302474, 1557236898]
[1555302456, 1555302443, 1555302375, 1555302347, 1555302295, 1555302024, 1555301860, 1555301779, 1555301684, 1555301629, 1555301491, 1555301231, 1555301213, 1555301159, 1555301150, 1555301066, 1555293635, 1555293448, 1555290241, 1555288783, 1557236898]
[1555287299, 1555286129, 1555285939, 1555262616, 1555262119, 1555261343, 1555260642, 1555258837, 1555258693, 1555258446, 1555256907, 1555256738, 1555256704, 1555256620, 1555256208, 1555255446, 1555255318, 1555255300, 1555255272, 1555254350, 1557236898]
[1555253936, 1555253935, 1555253866, 1555253295, 1555251710, 1555250144, 1555249469, 1555249185, 1555248777, 1555248344, 1555248329, 1555248259, 1555248064, 1555248014, 1555247805, 1555247596, 1555246768, 1555246690, 1555245588, 1555244992, 1557236898]
[1555241676, 1555241424, 1555241406, 1555241036, 1555240882, 1555240370, 1555239907, 1555239455, 1555239265, 1555239142, 1555239084, 1555238861, 1555238682, 1555237413, 1555237362, 1555237147, 1555237063, 1555236963, 1555236207, 1555235152, 1557236898]
[1555235100, 1555234883, 1555234738, 1555233919, 1555233469, 1555232525, 1555232522, 1555232275, 1555231937, 1555230840, 1555230831, 1555230772, 1555230644, 1555230196, 1555230186, 1555229870, 1555229485, 1555229193, 1555228634, 1555228018, 1557236898]
[1555227769, 1555227752, 1555227424, 1555227310, 1555226766, 1555226226, 1555226032, 1555225964, 1555225885, 1555225756, 1555225743, 1555225504, 1555224968, 1555224641, 1555224408, 1555224384, 1555223788, 1555223259, 1555223248, 1555222900, 1557236898]
[1555222735, 1555222693, 1555222582, 1555222446, 1555222150, 1555221904, 1555221883, 1555221562, 1555221497, 1555221475, 1555221377, 1555221105, 1555221078, 1555221065, 1555220998, 1555220815, 1555220591, 1555220583, 1555220441, 1555220435, 1557236898]
[1555220130, 1555220118, 1555219472, 1555219467, 1555219411, 1555219387, 1555219324, 1555219263, 1555219185, 1555219081, 1555219057, 1555219018, 1555219013, 1555218951, 1555218947, 1555218802, 1555218505, 1555217721, 1555217210, 1555217015, 1557236898, 1557372438]
[1555215988, 1555215350, 1555213788, 1555213552, 1555213448, 1555213159, 1555213115, 1555212320, 1555210288, 1555209700, 1555209045, 1555207665, 1555206898, 1555205194, 1555204896, 1555204796, 1555204728, 1555202714, 1555202568, 1555201952, 1557236898, 1557372438]
[1555200024, 1555200018, 1555199391, 1555197763, 1555193823, 1555187264, 1555186235, 1555182571, 1555180891, 1555178670, 1555177673, 1555176859, 1555175976, 1555173985, 1555172916, 1555171589, 1555167545, 1555163594, 1555156240, 1555154677, 1557236898, 1557372438]
[1555154634, 1555153968, 1555148658, 1555146454, 1555145111, 1555144149, 1555138255, 1555136159, 1555135779, 1555135465, 1555132245, 1555131919, 1555130587, 1555129777, 1555125144, 1555125102, 1555124596, 1555124270, 1555123460, 1555123182, 1557236898, 1557372438]
[1555120040, 1555112225, 1555108799, 1555097697, 1555097478, 1555089915, 1555089433, 1555088085, 1555088016, 1555087866, 1555086259, 1555086058, 1555085465, 1555084837, 1555084477, 1555083396, 1555082669, 1555082466, 1555082444, 1555082322, 1557236898, 1557372438]
[1555082198, 1555081963, 1555081455, 1555081173, 1555081154, 1555080868, 1555080698, 1555080577, 1555080408, 1555078412, 1555078307, 1555077470, 1555076835, 1555075740, 1555074646, 1555074628, 1555073154, 1555073126, 1555073023, 1555072966, 1557236898, 1557372438]
[1555072928, 1555072784, 1555072784, 1555072699, 1555071847, 1555071647, 1555071198, 1555071046, 1555070672, 1555070659, 1555070552, 1555070492, 1555070171, 1555070067, 1555070026, 1555069657, 1555069639, 1555069627, 1555069547, 1555069256, 1557236898, 1557372438]
[1555069216, 1555069201, 1555069103, 1555068041, 1555067697, 1555067102, 1555066775, 1555066542, 1555065072, 1555064783, 1555064732, 1555064500, 1555062325, 1555062119, 1555060694, 1555060114, 1555058683, 1555058556, 1555057882, 1555056804, 1557236898, 1557372438]
[1555055449, 1555055044, 1555054714, 1555052114, 1555051653, 1555051412, 1555049915, 1555049091, 1555047932, 1555047461, 1555047242, 1555045277, 1555045107, 1555045079, 1555044912, 1555044816, 1555044631, 1555044098, 1555043948, 1555043557, 1557236898, 1557372438]
[1555043485, 1555043261, 1555043026, 1555042472, 1555041263, 1555041194, 1555041175, 1555041058, 1555040888, 1555040034, 1555038695, 1555037633, 1555035759, 1555032886, 1555032233, 1555031850, 1555031816, 1555031745, 1555031110, 1555031098, 1557236898, 1557372438]
[1555031048, 1555030811, 1555030724, 1555029602, 1555028210, 1555027860, 1555027536, 1555027407, 1555026709, 1555026497, 1555026314, 1555026121, 1555026073, 1555024962, 1555024492, 1555023482, 1555023352, 1555023352, 1555022904, 1555022211, 1557236898, 1557372438]
[1555022069, 1555021849, 1555021421, 1555020973, 1555018228, 1555016875, 1555013786, 1555006906, 1555006526, 1555005860, 1555005771, 1555004105, 1555003565, 1555003423, 1555003002, 1555002583, 1555002090, 1555001881, 1555001869, 1555001739, 1557236898, 1557372438]
[1555001733, 1555001621, 1555001192, 1555001179, 1555001067, 1555001064, 1555000980, 1555000897, 1555000440, 1555000407, 1555000277, 1555000214, 1555000061, 1554999675, 1554999608, 1554999502, 1554999498, 1554999494, 1554999400, 1554999355, 1557236898, 1557372438]
[1554999350, 1554999339, 1554999228, 1554999220, 1554999108, 1554999092, 1554998952, 1554998947, 1554998934, 1554998900, 1554998899, 1554998891, 1554998865, 1554998861, 1554998822, 1554998820, 1554998820, 1554998777, 1554998777, 1554998744, 1557236898, 1557372438]
[1554998723, 1554998714, 1554998673, 1554998659, 1554998656, 1554998648, 1554998638, 1554998625, 1554998615, 1554998591, 1554998577, 1554998540, 1554998534, 1554998524, 1554997228, 1554983316, 1554976909, 1554951518, 1554950822, 1554949994, 1557236898, 1557372438]
[1554946023, 1554920167, 1554877365, 1554874649, 1554868762, 1554865785, 1554860218, 1554852201, 1554820513, 1554819917, 1554819891, 1554818898, 1554812368, 1554804418, 1554796549, 1554794714, 1554788309, 1554784859, 1554784132, 1554781679, 1557236898, 1557372438]
[1554776722, 1554776394, 1554776065, 1554770753, 1554746861, 1554731074, 1554727782, 1554727697, 1554727681, 1554722913, 1554707902, 1554704449, 1554691471, 1554681818, 1554654923, 1554649783, 1554647471, 1554647125, 1554647005, 1554644712, 1557236898, 1557372438]
[1554642449, 1554639990, 1554637926, 1554637611, 1554636580, 1554630513, 1554627733, 1554623989, 1554623408, 1554622718, 1554613873, 1554612944, 1554612815, 1554612767, 1554611480, 1554610167, 1554609380, 1554608141, 1554603137, 1554599459, 1557236898, 1557372438]
[1554593205, 1554587219, 1554575155, 1554573843, 1554573755, 1554568333, 1554566584, 1554566547, 1554566463, 1554565904, 1554565614, 1554563033, 1554562509, 1554562231, 1554561709, 1554558925, 1554557950, 1554555999, 1554550977, 1554549912, 1557236898, 1557372438]
[1554548377, 1554548044, 1554547121, 1554542916, 1554542886, 1554541509, 1554534457, 1554530664, 1554529438, 1554528577, 1554528177, 1554526360, 1554526341, 1554523565, 1554523227, 1554520996, 1554519567, 1554512025, 1554509576, 1554508798, 1557236898, 1557372438]
[1554508755, 1554503588, 1554503334, 1554495332, 1554488701, 1554488675, 1554485938, 1554484906, 1554483500, 1554480737, 1554480711, 1554479475, 1554479332, 1554478888, 1554478648, 1554477970, 1554473929, 1554473929, 1554473832, 1554472472, 1557236898, 1557372438]
[1554470558, 1554470209, 1554469858, 1554469775, 1554469721, 1554469207, 1554468773, 1554468158, 1554468037, 1554466874, 1554464593, 1554464558, 1554464388, 1554463679, 1554463256, 1554463173, 1554462855, 1554461581, 1554461403, 1554460047, 1557236898, 1557372438]
[1554459231, 1554458949, 1554458750, 1554458738, 1554457606, 1554456482, 1554455606, 1554454978, 1554454856, 1554454648, 1554453391, 1554452989, 1554452862, 1554452821, 1554452775, 1554452406, 1554451164, 1554451073, 1554450979, 1554450721, 1557236898, 1557372438]
[1554450270, 1554450022, 1554448210, 1554448090, 1554447921, 1554447504, 1554446408, 1554445380, 1554444997, 1554444290, 1554444114, 1554443821, 1554443810, 1554443591, 1554443347, 1554443200, 1554442522, 1554442339, 1554442304, 1554442199, 1557236898, 1557372438]
[1554442193, 1554442056, 1554441262, 1554441024, 1554440721, 1554440397, 1554440295, 1554440270, 1554440138, 1554440074, 1554440070, 1554440046, 1554439785, 1554439768, 1554439504, 1554439502, 1554439461, 1554439455, 1554439325, 1554439285, 1557236898, 1557372438]
[1554439189, 1554439163, 1554439018, 1554439016, 1554438994, 1554438899, 1554438891, 1554438824, 1554438816, 1554438758, 1554438638, 1554438633, 1554438577, 1554438542, 1554438524, 1554438521, 1554438406, 1554438336, 1554438320, 1554438318, 1557236898, 1557372438]
[1554438295, 1554438189, 1554438163, 1554438133, 1554438032, 1554437859, 1554437566, 1554437560, 1554437395, 1554437349, 1554437308, 1554437043, 1554436559, 1554436298, 1554436275, 1554435570, 1554435201, 1554433880, 1554433743, 1554433523, 1557236898, 1557372438]
[1554433410, 1554433296, 1554433188, 1554433025, 1554432746, 1554432604, 1554432600, 1554432123, 1554431982, 1554431514, 1554431489, 1554431210, 1554431033, 1554431023, 1554430782, 1554430137, 1554429971, 1554429549, 1554428765, 1554428665, 1557236898, 1557372438]
[1554428215, 1554428002, 1554426445, 1554426431, 1554425921, 1554425588, 1554425575, 1554425159, 1554425140, 1554424143, 1554423483, 1554422380, 1554422314, 1554420593, 1554419149, 1554419008, 1554418997, 1554418764, 1554418323, 1554417754, 1557236898, 1557372438]
[1554417514, 1554417172, 1554417059, 1554414771, 1554412519, 1554406281, 1554406228, 1554405129, 1554404057, 1554403882, 1554403137, 1554402501, 1554401919, 1554401898, 1554401286, 1554400753, 1554398575, 1554397417, 1554396856, 1554396841, 1557236898, 1557372438]
[1554396349, 1554395810, 1554395623, 1554395465, 1554395386, 1554395175, 1554395059, 1554394990, 1554394914, 1554394393, 1554394363, 1554393902, 1554393830, 1554392429, 1554392255, 1554391843, 1554390679, 1554390426, 1554388684, 1554388673, 1557236898, 1557372438]
[1554387654, 1554386659, 1554381311, 1554378031, 1554377244, 1554374914, 1554374803, 1554374739, 1554374613, 1554374570, 1554374526, 1554371793, 1557236898, 1557372438]
