[1557361570, 1557357738, 1557337861, 1557255642, 1557254069, 1557245786, 1557232068, 1557232049, 1557100353, 1557096404, 1557087533, 1557072455, 1557071336, 1556989157, 1556985349, 1556904241, 1556901633, 1556879393, 1556870653, 1556858336]
[1556813356, 1556793196, 1556777167, 1556732837, 1556725892, 1556685662, 1556674707, 1556674704, 1556668226, 1556648121, 1556643001, 1556641114, 1556602395, 1556559036, 1556558117, 1556541405, 1556512148, 1556501910, 1556469595, 1556468913]
[1556383020, 1556381249, 1556358463, 1556298290, 1556285666, 1556279797, 1556155180, 1556137424, 1556131603, 1556121932, 1556092733, 1556082461, 1556071446, 1556036231, 1556035577, 1556030037, 1556012863, 1555956954, 1555950793, 1555944741]
[1555943305, 1555942028, 1555939776, 1555878107, 1555869151, 1555849857, 1555839197, 1555828937, 1555785907, 1555777843, 1555776296, 1555755496, 1555703920, 1555692559, 1555690456, 1555688540, 1555674876, 1555662804, 1555640864, 1555640700]
[1555625965, 1555576128, 1555562447, 1555516343, 1555489794, 1555481952, 1555445739, 1555315868, 1555308800, 1555239160, 1555227542, 1555202014, 1554957699, 1554749709, 1554740663, 1554736487, 1554727375, 1554654766, 1554570108, 1554536667]
[1554473509, 1554411706, 1554394905, 1554394804, 1554392173, 1554328260, 1554301188, 1554098505, 1554098354, 1554093281, 1554050089, 1553957834, 1553926977, 1553909788, 1553838099, 1553738648, 1553729484, 1553725817, 1553705509, 1553533195]
[1553509131, 1553499670, 1553444780, 1553417051, 1553400281, 1553358950, 1553311900, 1553277054, 1553217226, 1553183010, 1553124367, 1553050906, 1553011811, 1552980206, 1552950884, 1552925675, 1552916103, 1552870027, 1552865133, 1552843891]
[1552842165, 1552839478, 1552783230, 1552758215, 1552712729, 1552670080, 1552580929, 1552495183, 1552465121, 1552444033, 1552321965, 1552321173, 1552244285, 1552234105, 1552201653, 1552070146, 1552054932, 1552020719, 1551942681, 1551892306]
[1551773594, 1551761417, 1551741806, 1551715434, 1551693253, 1551675749, 1551669955, 1551663084, 1551661184, 1551655601, 1551650765, 1551634642, 1551630862, 1551626524, 1551611672, 1551594274, 1551592399, 1551586476, 1551582656, 1551582127]
[1551578190, 1551575125, 1551570846, 1551547838, 1551543500, 1551543069, 1551539818, 1551521357, 1551487155, 1551482722, 1551349879, 1551324122, 1551314593, 1551287989, 1551245608, 1551244387, 1551230780, 1551192416, 1551116784, 1551111293]
[1551106417, 1551056726, 1551048511, 1551029785, 1551024434, 1551021899, 1551007028, 1550998810, 1550989477, 1550983483, 1550981889, 1550977442, 1550976889, 1550976787, 1550938497, 1550934818, 1550927431, 1550916848, 1550914671, 1550910747]
[1550873985, 1550854529, 1550851664, 1550789312, 1550776029, 1550757764, 1550755440, 1550753240, 1550682744, 1550679603, 1550677737, 1550630744, 1550592381, 1550506110, 1550505775, 1550503199, 1550495728, 1550495513, 1550492020, 1550484778]
[1550464516, 1550455602, 1550447632, 1550431248, 1550420609, 1550419793, 1550419287, 1550415304, 1550414329, 1550413955, 1550412191, 1550403203, 1550402905, 1550401774, 1550386496, 1550382247, 1550375480, 1550369358, 1550369057, 1550363083]
[1550360269, 1550334966, 1550334847, 1550331217, 1550328383, 1550324103, 1550314340, 1550302115, 1550292978, 1550285951, 1550279417, 1550277202, 1550274578, 1550252600, 1550252535, 1550250428, 1550249295, 1550248995, 1550248017, 1550247282]
[1550247238, 1550247159, 1550246915, 1550246829, 1550246682, 1550244917, 1550241281, 1550218822, 1550195736, 1550172090, 1550161432, 1550160186, 1550154186, 1550153831, 1550148748, 1550144203, 1550135439, 1550133912, 1550133031, 1550115946]
[1550115090, 1550114135, 1550110306, 1550077069, 1550072299, 1550071589, 1550071573, 1550069796, 1550064100, 1550063092, 1550062078, 1550034211, 1550031918, 1550029275, 1550012063, 1549998022, 1549996143, 1549992898, 1549992260, 1549986997]
[1549985607, 1549985490, 1549985429, 1549982145, 1549980952, 1549976993, 1549971105, 1549970011, 1549956132, 1549951026, 1549942600, 1549931670, 1549905069, 1549904163, 1549902834, 1549901746, 1549899501, 1549898128, 1549896509, 1549894424]
[1549885828, 1549873851, 1549872045, 1549868879, 1549868100, 1549866496, 1549854321, 1549852383, 1549850049, 1549821586, 1549816771, 1549814628, 1549814531, 1549811392, 1549811303, 1549803181, 1549794960, 1549793397, 1549791416, 1549781124]
[1549771419, 1549767606, 1549767534, 1549763368, 1549761977, 1549757217, 1549753959, 1549753719, 1549744008, 1549741763, 1549734404, 1549732291, 1549732056, 1549729221, 1549729069, 1549726180, 1549725694, 1549725256, 1549725244, 1549724702]
[1549724639, 1549721724, 1549718039, 1549717773, 1549716535, 1549714978, 1549714078, 1549713632, 1549713207, 1549713059, 1549711946, 1549711677, 1549709273, 1549706908, 1549705177, 1549704397, 1549703869, 1549702755, 1549702576, 1549702295]
[1549702055, 1549701278, 1549700652, 1549699543, 1549699041, 1549698936, 1549698559, 1549697376, 1549697131, 1549696920, 1549696542, 1549696464, 1549696426, 1549695695, 1549695635, 1549695236, 1549695155, 1549695028, 1549694265, 1549693983]
[1549693375, 1549693237, 1549693018, 1549692548, 1549692431, 1549692199, 1549691688, 1549691614, 1549691549, 1549690789, 1549690585, 1549690481, 1549690334, 1549690007, 1549689336, 1549688967, 1549688752, 1549688719, 1549688538, 1549688106]
[1549688090, 1549688058, 1549687878, 1549687804, 1549686765, 1549686166, 1549685639, 1549685599, 1549685558, 1549685480, 1549685419, 1549685177, 1549685048, 1549684962, 1549684854, 1549684779, 1549684597, 1549684416, 1549684279, 1549684106]
[1549683703, 1549683404, 1549683285, 1549683146, 1549682849, 1549682756, 1549682732, 1549682327, 1549681722, 1549681699, 1549681668, 1549681535, 1549681375, 1549681168, 1549681144, 1549680967, 1549680954, 1549680699, 1549680426, 1549679470]
[1549679464, 1549679356, 1549679326, 1549678868, 1549678327, 1549677645, 1549677637, 1549677585, 1549677542, 1549677454, 1549677120, 1549677090, 1549676977, 1549676860, 1549676846, 1549676806, 1549676718, 1549676490, 1549676385, 1549676275]
[1549676188, 1549676001, 1549675345, 1549674254, 1549674246, 1549674157, 1549673925, 1549673838, 1549673632, 1549673606, 1549673592, 1549673578, 1549673031, 1549672967, 1549672726, 1549672363, 1549671766, 1549671197, 1549671001, 1549670696]
[1549669780, 1549668983, 1549668719, 1549668542, 1549668412, 1549668298, 1549667566, 1549666862, 1549658033, 1549655286, 1549654457, 1549654016, 1549653083, 1549651862, 1549651666, 1549651601, 1549651143, 1549650191, 1549649799, 1549649740]
[1549648662, 1549648472, 1549648069, 1549647668, 1549647640, 1549647393, 1549646991, 1549646629, 1549646588, 1549646224, 1549646204, 1549646191, 1549646154, 1549645725, 1549645721, 1549645428, 1549645241, 1549645034, 1549644915, 1549644911]
[1549644785, 1549644601, 1549644556, 1549644524, 1549644514, 1549644456, 1549644352, 1549644323, 1549644081, 1549644079, 1549643671, 1549643606, 1549643452, 1549643424, 1549643367, 1549643337, 1549643285, 1549643154, 1549643146, 1549643130]
[1549643105, 1549642967, 1549642965, 1549642937, 1549642936, 1549642896, 1549642886, 1549642873, 1549642717, 1549642707, 1549642681, 1549642666, 1549642429, 1549642338, 1549642202, 1549642136, 1549642114, 1549642093, 1549642050, 1549642003]
[1549641992, 1549641992, 1549641979, 1549641962, 1549641956, 1549641956, 1549641945, 1549641902, 1549641900, 1549641874, 1549641872, 1549641855, 1549641830, 1549641784, 1549641783, 1549641768, 1549641754, 1549641750, 1549641725, 1549641717]
[1549641711, 1549641711, 1549641707, 1549641698, 1549641696, 1549641686, 1549641685, 1549641684, 1549641683, 1549641682, 1549641673, 1549641672, 1549641665, 1549641660, 1549641660, 1549641656, 1549641652, 1549641650, 1549641649, 1549641648]
[1549641648, 1549641648, 1549641647, 1549641643, 1549641643, 1549641641, 1549641628]
