[1557370028, 1557365594, 1557337048, 1557327558, 1557237226, 1557160785, 1557154210, 1557111401, 1557076409, 1557062533, 1557017947, 1556988872, 1556985803, 1556943663, 1556902381, 1556893215, 1556867543, 1556847683, 1556844860, 1556820918]
[1556817657, 1556815713, 1556801387, 1556800855, 1556783634, 1556758331, 1556730130, 1556727685, 1556709770, 1556688784, 1556682856, 1556679720, 1556677817, 1556676524, 1556670088, 1556669410, 1556647435, 1556645048, 1556643976, 1556643578]
[1556642344, 1556640544, 1556623297, 1556612192, 1556602919, 1556596762, 1556594127, 1556558811, 1556554983, 1556553854, 1556553802, 1556553791, 1556552332, 1556547521, 1556536483, 1556469998, 1556463731, 1556462879, 1556418140, 1556411059]
[1556408278, 1556390341, 1556383363, 1556381485, 1556305077, 1556211358, 1556127440, 1556107920, 1556039663, 1556036541, 1555987640, 1555951717, 1555869533, 1555866330, 1555838195, 1555777498, 1555766968, 1555716436, 1555693847, 1555690822]
[1555647256, 1555611373, 1555575455, 1555513119, 1555513067, 1555470664, 1555460270, 1555431754, 1555431487, 1555431031, 1555377891, 1555325937, 1555321556, 1555291181, 1555263951, 1555263269, 1555257718, 1555250558, 1555248886, 1555176338]
[1555176162, 1555174341, 1555136474, 1555044285, 1555005419, 1554984756, 1554961142, 1554889751, 1554858116, 1554785302, 1554781801, 1554772624, 1554744016, 1554738960, 1554717111, 1554717078, 1554655781, 1554655199, 1554654540, 1554650267]
[1554613659, 1554605960, 1554603594, 1554551367, 1554534870, 1554516695, 1554483225, 1554481355, 1554395550, 1554393551, 1554358333, 1554310937, 1554226607, 1554221860, 1554137109, 1554126640, 1554107817, 1554090462, 1554083174, 1554075334]
[1554041238, 1554021866, 1554002537, 1553986982, 1553939420, 1553909681, 1553882250, 1553832223, 1553792069, 1553783085, 1553729383, 1553704814, 1553703295, 1553673856, 1553648615, 1553575255, 1553560299, 1553532575, 1553531131, 1553529706]
[1553529587, 1553522636, 1553510684, 1553492695, 1553453007, 1553447213, 1553438216, 1553408351, 1553363599, 1553358107, 1553357888, 1553322067, 1553303702, 1553296064, 1553276294, 1553271650, 1553269842, 1553237481, 1553237412, 1553229394]
[1553226266, 1553218934, 1553218210, 1553212818, 1553184221, 1553182775, 1553127050, 1553124213, 1553115598, 1553099342, 1553097629, 1553074673, 1553067313, 1553060624, 1553054527, 1553051129, 1553049964, 1553012959, 1553012937, 1553012575]
[1553012275, 1552973527, 1552966138, 1552958035, 1552956913, 1552955400, 1552952617, 1552950517, 1552950491, 1552929619, 1552926828, 1552926466, 1552926256, 1552925668, 1552925083, 1552912407, 1552904107, 1552870249, 1552867255, 1552850043]
[1552848586, 1552845188, 1552843669, 1552843021, 1552841038, 1552839994, 1552839401, 1552839328, 1552838771, 1552820564, 1552802936, 1552801296, 1552767253, 1552755538, 1552754359, 1552735127, 1552709150, 1552708926, 1552706163, 1552705052]
[1552704977, 1552700159, 1552698780, 1552698778, 1552694671, 1552668874, 1552668391, 1552668194, 1552667475, 1552665938, 1552663764, 1552662530, 1552656276, 1552636803, 1552627211, 1552626770, 1552623363, 1552619122, 1552614693, 1552614616]
[1552612873, 1552612792, 1552608220, 1552608024, 1552606150, 1552604292, 1552585750, 1552582547, 1552580905, 1552580885, 1552580451, 1552580377, 1552580084, 1552579984, 1552579941, 1552575989, 1552554120, 1552554071, 1552541137, 1552530926]
[1552529427, 1552527066, 1552523567, 1552522490, 1552522448, 1552522029, 1552519254, 1552516540, 1552498486, 1552496708, 1552495447, 1552495244, 1552495237, 1552494612, 1552494546, 1552493444, 1552493394, 1552492029, 1552489534, 1552482735]
[1552456006, 1552455942, 1552450199, 1552447566, 1552443775, 1552441918, 1552436930, 1552432211, 1552411119, 1552409995, 1552407680, 1552407541, 1552407273, 1552406926, 1552406842, 1552398198, 1552371042, 1552368242, 1552360968, 1552355278]
[1552326626, 1552321156, 1552321055, 1552307568, 1552301641, 1552298178, 1552291842, 1552289507, 1552282552, 1552279565, 1552270464, 1552266463, 1552264395, 1552256292, 1552236498, 1552235417, 1552234501, 1552234323, 1552233841, 1552233773]
[1552225117, 1552211315, 1552200418, 1552192155, 1552186987, 1552179691, 1552175455, 1552174822, 1552153159, 1552151110, 1552149553, 1552149274, 1552148172, 1552148166, 1552147533, 1552147392, 1552146871, 1552126240, 1552125067, 1552125041]
[1552121748, 1552117634, 1552099252, 1552096774, 1552095223, 1552093217, 1552093128, 1552078320, 1552064258, 1552062357, 1552061912, 1552058070, 1552054699, 1552045550, 1552043086, 1552041104, 1552021056, 1552016308, 1551977750, 1551976771]
[1551974936, 1551972501, 1551971442, 1551938409, 1551921703, 1551888296, 1551860281, 1551835037, 1551834523, 1551830651, 1551803266, 1551760228, 1551754494, 1551717193, 1551715401, 1551715308, 1551709769, 1551708427, 1551699091, 1551691576]
[1551687219, 1551675040, 1551661198, 1551651554, 1551630776, 1551629021, 1551623788, 1551620574, 1551620566, 1551589811, 1551584515, 1551579652, 1551571962, 1551553729, 1551542793, 1551542789, 1551518398, 1551507562, 1551494720, 1551459648]
[1551441255, 1551441187, 1551411098, 1551394157, 1551376017, 1551371530, 1551369702, 1551327422, 1551323409, 1551322897, 1551316516, 1551316097, 1551309067, 1551286600, 1551286477, 1551285888, 1551282420, 1551280597, 1551276923, 1551269203]
[1551231693, 1551222146, 1551205076, 1551201815, 1551199097, 1551194793, 1551179723, 1551161091, 1551157700, 1551155778, 1551147366, 1551138300, 1551124659, 1551117367, 1551107554, 1551102584, 1551078808, 1551043347, 1551035962, 1551026253]
[1551025789, 1551017889, 1551003828, 1551003244, 1551001978, 1550991245, 1550987021, 1550982506, 1550982406, 1550979432, 1550978548, 1550968376, 1550967053, 1550951259, 1550943232, 1550939819, 1550938191, 1550935799, 1550926859, 1550918478]
[1550917419, 1550914826, 1550913355, 1550910739, 1550901821, 1550897267, 1550878106, 1550875923, 1550858126, 1550854206, 1550851887, 1550850786, 1550846076, 1550798924, 1550777077, 1550770379, 1550768369, 1550760305, 1550760267, 1550757476]
[1550747965, 1550746578, 1550745804, 1550734105, 1550732453, 1550725045, 1550720786, 1550716614, 1550714861, 1550680989, 1550679517, 1550679435, 1550678715, 1550675159, 1550670356, 1550668942, 1550657278, 1550652084, 1550647756, 1550638344]
[1550637620, 1550637521, 1550627513, 1550627069, 1550596701, 1550595551, 1550593564, 1550592648, 1550592515, 1550584175, 1550561533, 1550560441, 1550559361, 1550551049, 1550548573, 1550545628, 1550543368, 1550542961, 1550529409, 1550515673]
[1550511856, 1550511149, 1550509649, 1550508885, 1550503136, 1550490602, 1550479712, 1550476821, 1550465905, 1550456683, 1550456334, 1550426400, 1550422254, 1550421378, 1550419506, 1550419471, 1550419440, 1550418658, 1550413592, 1550413299]
[1550413242, 1550411603, 1550409878, 1550397643, 1550386956, 1550380990, 1550380769, 1550369157, 1550368186, 1550365317, 1550337288, 1550336752, 1550336336, 1550334508, 1550333836, 1550333523, 1550333394, 1550333013, 1550333000, 1550332901]
[1550332871, 1550327472, 1550325743, 1550317947, 1550316195, 1550316015, 1550315916, 1550312848, 1550310354, 1550309554, 1550309524, 1550309444, 1550305798, 1550303236, 1550301141, 1550299963, 1550297756, 1550295216, 1550292337, 1550290814]
[1550289179, 1550284027, 1550279005, 1550260431, 1550255077, 1550254941, 1550252742, 1550251136, 1550248498, 1550247722, 1550246997, 1550246882, 1550246751, 1550246718, 1550246700, 1550246602, 1550246600, 1550246579, 1550246532, 1550246517]
[1550246505, 1550246495, 1550218561, 1550206532, 1550196974, 1550172341, 1550167632, 1550167111, 1550166866, 1550158799, 1550158353, 1550155721, 1550155045, 1550150607, 1550150572, 1550144112, 1550142016, 1550138113, 1550136413, 1550136401]
[1550133477, 1550124578, 1550122406, 1550111980, 1550111207, 1550110764, 1550110373, 1550107982, 1550092281, 1550079487, 1550074589, 1550071818, 1550058042, 1550051766, 1550041890, 1550024208, 1549986257, 1549985956, 1549985774, 1549974330]
[1549972650, 1549966599, 1549902388, 1549901700, 1549894462, 1549893037, 1549887612, 1549881350, 1549870882, 1549814687, 1549814025, 1549813744, 1549812100, 1549805556, 1549797140, 1549786693, 1549781711, 1549780890, 1549780259, 1549766931]
[1549766447, 1549764456, 1549761807, 1549759405, 1549759397, 1549730097, 1549729181, 1549728920, 1549728547, 1549726497, 1549725895, 1549723518, 1549716614, 1549711538, 1549711359, 1549710505, 1549709447, 1549706600, 1549706454, 1549703985]
[1549702041, 1549696978, 1549696571, 1549694118, 1549693778, 1549688992, 1549685673, 1549681996, 1549681569, 1549680721, 1549679522, 1549678926, 1549678371, 1549677999, 1549676293, 1549676290, 1549676089, 1549673532, 1549670843, 1549670053]
[1549665196, 1549663710, 1549662835, 1549661919, 1549659836, 1549658864, 1549656450, 1549650900, 1549648066, 1549644163, 1549644023, 1549642208, 1549641986, 1549641660, 1549640458, 1549640394, 1549640129, 1549639947, 1549638944, 1549638585]
[1549638550, 1549638524, 1549637775, 1549637600, 1549636656, 1549635723, 1549634983, 1549634874, 1549634675, 1549634513, 1549633495, 1549633240, 1549633191, 1549633106, 1549631570, 1549629498, 1549628146, 1549627361, 1549627171, 1549624252]
[1549624167, 1549623902, 1549623860, 1549623568, 1549623327, 1549623231, 1549623102, 1549623078, 1549623033, 1549622980, 1549622425, 1549621727, 1549621475, 1549621276, 1549621207, 1549621019, 1549620917, 1549620621, 1549620118, 1549619014]
[1549618789, 1549618524, 1549618361, 1549618255, 1549617882, 1549617121, 1549617025, 1549616873, 1549616789, 1549616299, 1549616199, 1549615773, 1549615707, 1549615451, 1549614537, 1549614223, 1549613965, 1549613392, 1549613370, 1549612526]
[1549611733, 1549611427, 1549611349, 1549610477, 1549610415, 1549609745, 1549609241, 1549609221, 1549608550, 1549608273, 1549607922, 1549607843, 1549607438, 1549607398, 1549607071, 1549606965, 1549606717, 1549606367, 1549605982, 1549605049]
[1549604698, 1549603581, 1549603410, 1549603099, 1549602828, 1549602382, 1549601424, 1549601363, 1549600855, 1549600749, 1549600085, 1549600038, 1549599760, 1549598586, 1549598303, 1549597781, 1549597688, 1549597338, 1549597315, 1549597295]
[1549596552, 1549596552, 1549596497, 1549596397, 1549596122, 1549595932, 1549595780, 1549595436, 1549594663, 1549594346, 1549594314, 1549594047, 1549594029, 1549594000, 1549593802, 1549593195, 1549593185, 1549592638, 1549592618, 1549591976]
[1549591942, 1549591815, 1549591762, 1549591509, 1549590975, 1549590955, 1549590761, 1549590720, 1549590655, 1549590160, 1549589383, 1549589210, 1549589024, 1549588920, 1549588743, 1549588109, 1549588013, 1549587847, 1549587697, 1549587695]
[1549587678, 1549587468, 1549587459, 1549587164, 1549586621, 1549586395, 1549586270, 1549585287, 1549584784, 1549584437, 1549584333, 1549584051, 1549584025, 1549583176, 1549581638, 1549581533, 1549581022, 1549577392, 1549576923, 1549573507]
[1549569395, 1549568963, 1549568161, 1549567965, 1549566241, 1549566131, 1549564160, 1549563914, 1549563898, 1549563607, 1549562790, 1549562577, 1549561131, 1549561131, 1549560680, 1549560671, 1549560447, 1549560370, 1549559894, 1549559614]
[1549559608, 1549559590, 1549559576, 1549559467, 1549559271, 1549558990, 1549558899, 1549558729, 1549558656, 1549558551, 1549558416, 1549558387, 1549558298, 1549558295, 1549558199, 1549558183, 1549558158, 1549557974, 1549557845, 1549557746]
[1549557695, 1549557657, 1549557620, 1549557562, 1549557562, 1549557516, 1549557473, 1549557436, 1549557380, 1549557375, 1549557300, 1549557220, 1549557217, 1549557216, 1549556952, 1549556883, 1549556810, 1549556713, 1549556695, 1549556505]
[1549556500, 1549556468, 1549556370, 1549556312, 1549556280, 1549556249, 1549556204, 1549556153, 1549556138, 1549556099, 1549556070, 1549556012, 1549555978, 1549555943, 1549555926, 1549555895, 1549555894, 1549555853, 1549555832, 1549555801]
[1549555774, 1549555769, 1549555764, 1549555684, 1549555674, 1549555638, 1549555626, 1549555617, 1549555605, 1549555570, 1549555556, 1549555542, 1549555517, 1549555499, 1549555466, 1549555464, 1549555451, 1549555450, 1549555420, 1549555347]
[1549555345, 1549555345, 1549555337, 1549555329, 1549555321, 1549555317, 1549555314, 1549555305, 1549555301, 1549555292, 1549555286, 1549555285, 1549555282, 1549555277, 1549555275, 1549555273, 1549555267, 1549555267, 1549555261, 1549555259]
[1549555252]
