[1557369406, 1557347203, 1557328686, 1557315429, 1557305101, 1557303118, 1557295710, 1557291682, 1557249960, 1557242073, 1557229402, 1557227211, 1557225723, 1557219683, 1557219374, 1557217351, 1557203872, 1557201360, 1557195863, 1557186715, 1556294299]
[1557146645, 1557146434, 1557146430, 1557142810, 1557142645, 1557136996, 1557133900, 1557130299, 1557128145, 1557116217, 1557112749, 1557103039, 1557102308, 1557099212, 1557096569, 1557079980, 1557078011, 1557077312, 1557076361, 1557075864, 1556294299]
[1557075646, 1557075548, 1557075440, 1557074794, 1557074714, 1557074215, 1557074028, 1557073830, 1557072621, 1557072526, 1557072518, 1557072456, 1557072203, 1557070737, 1557065980, 1557049899, 1557042683, 1557033320, 1557012583, 1556995372, 1556294299]
[1556994438, 1556978391, 1556974569, 1556964490, 1556963799, 1556960831, 1556953043, 1556951919, 1556948949, 1556947181, 1556946831, 1556903767, 1556903635, 1556899776, 1556892964, 1556890326, 1556880936, 1556878591, 1556877989, 1556875401, 1556294299]
[1556868708, 1556865556, 1556859441, 1556855892, 1556853710, 1556816733, 1556811584, 1556803085, 1556796565, 1556794445, 1556793642, 1556792928, 1556789179, 1556782513, 1556763310, 1556762937, 1556761221, 1556733670, 1556724843, 1556719953, 1556294299]
[1556719807, 1556718066, 1556716447, 1556715655, 1556706619, 1556702123, 1556700701, 1556683629, 1556654474, 1556652099, 1556650374, 1556641107, 1556640748, 1556636530, 1556633359, 1556633330, 1556632873, 1556625935, 1556611577, 1556610433, 1556294299]
[1556597157, 1556593884, 1556577026, 1556562046, 1556561209, 1556558007, 1556551813, 1556550725, 1556550468, 1556543625, 1556543267, 1556542725, 1556534916, 1556533307, 1556532010, 1556524263, 1556519121, 1556517461, 1556516262, 1556515451, 1556294299]
[1556513898, 1556507885, 1556507847, 1556506462, 1556505993, 1556504512, 1556503316, 1556501382, 1556499386, 1556492902, 1556491743, 1556479077, 1556472471, 1556469272, 1556469256, 1556469232, 1556468329, 1556468235, 1556467777, 1556467772, 1556294299]
[1556467723, 1556467706, 1556465865, 1556465158, 1556463137, 1556456808, 1556456523, 1556456404, 1556450540, 1556430607, 1556416939, 1556413476, 1556412610, 1556407973, 1556403781, 1556403406, 1556388378, 1556382638, 1556381670, 1556379989, 1556294299]
[1556379934, 1556378233, 1556375899, 1556374924, 1556374632, 1556371069, 1556360774, 1556359997, 1556359878, 1556354715, 1556351693, 1556350442, 1556337528, 1556336690, 1556332996, 1556326551, 1556325344, 1556322331, 1556321033, 1556304919, 1556294299]
[1556303016, 1556302866, 1556302755, 1556300270, 1556297318, 1556297294, 1556296665, 1556296610, 1556295963, 1556295824, 1556295594, 1556295524, 1556295346, 1556295181, 1556294976, 1556294946, 1556294921, 1556294651, 1556294553, 1556294401, 1556294299]
[1556294349, 1556294301, 1556294299, 1556294164, 1556294163, 1556294050, 1556293279, 1556291400, 1556288820, 1556288294, 1556280668, 1556276572, 1556274605, 1556260950, 1556256278, 1556254758, 1556254506, 1556235356, 1556234332, 1556222753, 1556294299]
[1556203541, 1556201198, 1556197791, 1556188572, 1556170753, 1556170525, 1556168148, 1556164795, 1556164315, 1556161416, 1556148367, 1556131561, 1556119485, 1556116695, 1556115906, 1556111737, 1556106206, 1556105686, 1556102839, 1556101972, 1556294299]
[1556095932, 1556093304, 1556093209, 1556091180, 1556082063, 1556076754, 1556075613, 1556071319, 1556070800, 1556069958, 1556066181, 1556065956, 1556061575, 1556036885, 1556035692, 1556030229, 1556029356, 1556026475, 1556025125, 1556021784, 1556294299]
[1556014376, 1556013439, 1556007597, 1556006665, 1556001586, 1556000355, 1555994820, 1555986163, 1555978285, 1555955630, 1555951424, 1555950039, 1555950016, 1555947170, 1555947110, 1555946532, 1555946347, 1555944672, 1555942896, 1555942536, 1556294299]
[1555938242, 1555931674, 1555928447, 1555927460, 1555925846, 1555924331, 1555923156, 1555922121, 1555922054, 1555920663, 1555914301, 1555912806, 1555912343, 1555909428, 1555907917, 1555903390, 1555903382, 1555902104, 1555901882, 1555901714, 1556294299]
[1555901280, 1555900593, 1555896263, 1555896165, 1555896150, 1555895833, 1555895369, 1555894805, 1555894263, 1555894148, 1555893356, 1555893185, 1555892989, 1555892868, 1555892448, 1555891812, 1555890050, 1555889850, 1555888848, 1555879866, 1556294299]
[1555877256, 1555872571, 1555872368, 1555869105, 1555867319, 1555867035, 1555866122, 1555865850, 1555865374, 1555865153, 1555864855, 1555864814, 1555863921, 1555863713, 1555863561, 1555862908, 1555862721, 1555862665, 1555862650, 1555862291, 1556294299]
[1555861402, 1555861367, 1555861314, 1555858878, 1555858581, 1555858256, 1555851165, 1555844790, 1555842926, 1555839481, 1555839341, 1555838200, 1555836041, 1555832631, 1555828512, 1555826613, 1555821238, 1555821133, 1555816796, 1555814964, 1556294299]
[1555812852, 1555799674, 1555784101, 1555783932, 1555779148, 1555779050, 1555778534, 1555778210, 1555776319, 1555764693, 1555761906, 1555761293, 1555751398, 1555747029, 1555746469, 1555741088, 1555738334, 1555733262, 1555689544, 1555689526, 1556294299]
[1555683722, 1555681550, 1555676722, 1555674822, 1555668317, 1555666493, 1555664521, 1555664464, 1555642338, 1555642145, 1555636976, 1555626312, 1555611397, 1555606170, 1555602761, 1555599961, 1555599714, 1555599706, 1555597970, 1555596928, 1556294299]
[1555594626, 1555583227, 1555576570, 1555575359, 1555574818, 1555572985, 1555571451, 1555566648, 1555561696, 1555557717, 1555552488, 1555551247, 1555548160, 1555547955, 1555547268, 1555545116, 1555524120, 1555521763, 1555521236, 1555520032, 1556294299]
[1555519926, 1555519565, 1555519363, 1555518904, 1555518806, 1555518799, 1555517633, 1555517200, 1555517144, 1555517132, 1555515728, 1555513760, 1555513123, 1555511163, 1555506135, 1555504255, 1555502721, 1555501061, 1555497974, 1555492698, 1556294299]
[1555491341, 1555484063, 1555479295, 1555476089, 1555475046, 1555473565, 1555471997, 1555470983, 1555467398, 1555462435, 1555453216, 1555448004, 1555447769, 1555445410, 1555434750, 1555431956, 1555424833, 1555424618, 1555423272, 1555417356, 1556294299]
[1555410076, 1555405846, 1555398154, 1555394498, 1555392604, 1555391457, 1555391129, 1555389882, 1555389092, 1555388357, 1555386366, 1555383038, 1555381100, 1555380933, 1555368828, 1555351908, 1555351247, 1555349425, 1555348893, 1555346177, 1556294299]
[1555344588, 1555344281, 1555344218, 1555342737, 1555341338, 1555339783, 1555338465, 1555331728, 1555326874, 1555325559, 1555322939, 1555318080, 1555314868, 1555313677, 1555312929, 1555307492, 1555305628, 1555301120, 1555299966, 1555298488, 1556294299]
[1555297510, 1555296997, 1555295632, 1555294448, 1555294290, 1555294182, 1555293416, 1555291219, 1555289823, 1555289191, 1555287910, 1555287735, 1555287407, 1555284950, 1555284624, 1555283348, 1555283048, 1555281345, 1555274375, 1555268797, 1556294299]
[1555267795, 1555267341, 1555264902, 1555263495, 1555262868, 1555260627, 1555260434, 1555260429, 1555259825, 1555259458, 1555259347, 1555259254, 1555259167, 1555259115, 1555259007, 1555258896, 1555258451, 1555258184, 1555258095, 1555258047, 1556294299]
[1555258035, 1555257972, 1555257905, 1555257743, 1555257707, 1555257685, 1555257158, 1555255875, 1555254782, 1555253612, 1555252291, 1555250861, 1555250368, 1555248923, 1555248182, 1555243957, 1555243431, 1555240985, 1555237195, 1555230223, 1556294299]
[1555229243, 1555228387, 1555228140, 1555223848, 1555215538, 1555215407, 1555214484, 1555211172, 1555208347, 1555207582, 1555205965, 1555199943, 1555176972, 1555176549, 1555174800, 1555163915, 1555162838, 1555161972, 1555158600, 1555158455, 1556294299]
[1555151905, 1555150768, 1555148993, 1555145151, 1555144820, 1555143500, 1555136289, 1555135837, 1555129275, 1555127216, 1555124026, 1555122804, 1555117941, 1555117131, 1555091920, 1555089060, 1555081176, 1555079152, 1555073314, 1555066738, 1556294299]
[1555062968, 1555062315, 1555057404, 1555057213, 1555047077, 1555043470, 1555043441, 1555043295, 1555027351, 1555022750, 1555006041, 1555001586, 1554999484, 1554998448, 1554995012, 1554990422, 1554988446, 1554987152, 1554984525, 1554968264, 1556294299]
[1554967508, 1554953991, 1554952990, 1554950423, 1554950325, 1554950165, 1554941353, 1554941222, 1554938103, 1554918995, 1554913266, 1554912485, 1554912039, 1554910987, 1554910820, 1554907679, 1554905553, 1554904029, 1554895543, 1554894805, 1556294299]
[1554890161, 1554889301, 1554889242, 1554887372, 1554885331, 1554883987, 1554882282, 1554881053, 1554880232, 1554878476, 1554877561, 1554875651, 1554875202, 1554874636, 1554874087, 1554866868, 1554866135, 1554865209, 1554864534, 1554863018, 1556294299]
[1554856175, 1554854769, 1554853680, 1554851799, 1554847175, 1554845354, 1554844896, 1554839012, 1554838944, 1554835307, 1554825386, 1554823596, 1554823087, 1554822356, 1554820462, 1554819831, 1554817723, 1554814707, 1554812989, 1554811405, 1556294299]
[1554811357, 1554810983, 1554809109, 1554804406, 1554803341, 1554801266, 1554800138, 1554796757, 1554795960, 1554795335, 1554794076, 1554791533, 1554790719, 1554790465, 1554787520, 1554787164, 1554785812, 1554784026, 1554781357, 1554781185, 1556294299]
[1554780200, 1554778586, 1554773943, 1554773761, 1554772999, 1554770888, 1554768879, 1554761137, 1554760315, 1554759105, 1554748771, 1554748305, 1554744666, 1554741923, 1554741870, 1554741377, 1554741263, 1554741255, 1554740812, 1554740748, 1556294299]
[1554739863, 1554739663, 1554739656, 1554739591, 1554738925, 1554738921, 1554738220, 1554737968, 1554737530, 1554737376, 1554736073, 1554735688, 1554735350, 1554734990, 1554734765, 1554734583, 1554733603, 1554733186, 1554733181, 1554732797, 1556294299]
[1554731173, 1554729126, 1554728327, 1554728220, 1554724117, 1554723808, 1554723499, 1554723015, 1554722946, 1554721235, 1554720565, 1554720039, 1554717561, 1554714290, 1554713838, 1554713763, 1554713688, 1554713216, 1554711221, 1554710214, 1556294299]
[1554706815, 1554706743, 1554706487, 1554706456, 1554705591, 1554703635, 1554703564, 1554703274, 1554702595, 1554702259, 1554702101, 1554702059, 1554702010, 1554700374, 1554700245, 1554699681, 1554699599, 1554698614, 1554697189, 1554697058, 1556294299]
[1554696908, 1554696881, 1554696157, 1554694716, 1554694693, 1554694137, 1554694092, 1554693979, 1554693823, 1554693317, 1554693261, 1554692196, 1554691581, 1554691493, 1554691052, 1554690827, 1554690805, 1554690420, 1554690171, 1554690044, 1556294299]
[1554689841, 1554689404, 1554689336, 1554689238, 1554689066, 1554689061, 1554688874, 1554688817, 1554688792, 1554688554, 1554688491, 1554688339, 1554688333, 1554688227, 1554687859, 1554687593, 1554687466, 1554687227, 1554686012, 1554685926, 1556294299]
[1554685921, 1554685126, 1554684368, 1554684320, 1554684174, 1554683985, 1554683868, 1554682400, 1554682025, 1554681987, 1554679400, 1554679041, 1554678932, 1554678907, 1554678906, 1554678805, 1554677729, 1554674675, 1554672018, 1554671305, 1556294299]
[1554668086, 1554662179, 1554662097, 1554660717, 1554659722, 1554659544, 1554659140, 1554659127, 1554658787, 1554657412, 1554657411, 1554657299, 1554656570, 1554655573, 1554655334, 1554655077, 1554654916, 1554654799, 1554654718, 1554654659, 1556294299]
[1554654253, 1554654252, 1554654116, 1554653860, 1554653820, 1554653659, 1554653611, 1554653502, 1554653490, 1554653476, 1554653294, 1554653291, 1554653262, 1554653241, 1554653222, 1554653165, 1554653160, 1554653062, 1554652851, 1554652391, 1556294299]
[1554651999, 1554651870, 1554651576, 1554650915, 1554649162, 1554648897, 1554647415, 1554644844, 1554644508, 1554643821, 1554643207, 1554642892, 1554641863, 1554640669, 1554640014, 1554639607, 1554639552, 1554633908, 1554632206, 1554631589, 1556294299]
[1554626001, 1554625087, 1554624776, 1554623061, 1554618549, 1554618505, 1554617941, 1554615648, 1554613529, 1554613191, 1554612831, 1554611794, 1554610001, 1554609858, 1554609339, 1554608711, 1554608117, 1554606295, 1554606223, 1554605657, 1556294299]
[1554603605, 1554603552, 1554602742, 1554601565, 1554599230, 1554598433, 1554597064, 1554596856, 1554595470, 1554594964, 1554575345, 1554574302, 1554573482, 1554573348, 1554573033, 1554572796, 1554570293, 1554570160, 1554569903, 1554569582, 1556294299]
[1554568335, 1554567805, 1554567424, 1554567418, 1554567141, 1554566712, 1554566655, 1554562996, 1554561528, 1554555320, 1554538334, 1554536784, 1554536092, 1554535079, 1554535063, 1554532932, 1554528721, 1554527134, 1554526665, 1554522661, 1556294299]
[1554517310, 1554516420, 1554506081, 1554492461, 1554486885, 1554482317, 1554481971, 1554480870, 1554480170, 1554477757, 1554473177, 1554471445, 1554469682, 1554467080, 1554462553, 1554459698, 1554454434, 1554454236, 1554448649, 1554444473, 1556294299]
[1554437808, 1554436489, 1554434842, 1554434653, 1554427950, 1554424851, 1554418163, 1554403646, 1554402653, 1554401733, 1554398536, 1554396819, 1554396019, 1554395812, 1554394813, 1554394246, 1554393814, 1554393646, 1554393396, 1554390015, 1556294299]
[1554386597, 1554384846, 1554381430, 1554379220, 1554376711, 1554376699, 1554376642, 1554372161, 1554371903, 1554367179, 1554367103, 1554360985, 1554360630, 1554360000, 1554358510, 1554358219, 1554356408, 1554355297, 1554355158, 1554354602, 1556294299]
[1554354249, 1554348081, 1554342311, 1554341355, 1554338002, 1554336704, 1554312093, 1554305617, 1554305161, 1554303439, 1554303106, 1554296982, 1554295729, 1554292054, 1554291340, 1554290222, 1554278693, 1554278683, 1554276318, 1554276099, 1556294299]
[1554275709, 1554274838, 1554267804, 1554267413, 1554266944, 1554264182, 1554261330, 1554259332, 1554253623, 1554252546, 1554227310, 1554225535, 1554215989, 1554215699, 1554214286, 1554212770, 1554210694, 1554208785, 1554205951, 1554204673, 1556294299]
[1554204584, 1554204534, 1554202431, 1554200466, 1554196883, 1554196794, 1554195554, 1554190719, 1554189248, 1554188527, 1554186954, 1554183069, 1554180691, 1554179925, 1554176676, 1554176146, 1554173293, 1554170903, 1554170016, 1554169698, 1556294299]
[1554166265, 1554166131, 1554164424, 1554149066, 1554143202, 1554142858, 1554139973, 1554139796, 1554139393, 1554139019, 1554136484, 1554134823, 1554134093, 1554133945, 1554133322, 1554133204, 1554132804, 1554132089, 1554131237, 1554129809, 1556294299]
[1554128189, 1554127411, 1554125316, 1554121860, 1554119886, 1554118726, 1554117638, 1554114775, 1554112710, 1554104368, 1554103708, 1554101609, 1554100199, 1554100178, 1554099969, 1554098967, 1554098615, 1554097251, 1554095710, 1554095264, 1556294299]
[1554094702, 1554094467, 1554093411, 1554092535, 1554092490, 1554089953, 1554089628, 1554089052, 1554089017, 1554088130, 1554087881, 1554087310, 1554087239, 1554086940, 1554086388, 1554084514, 1554083847, 1554083814, 1554082527, 1554081801, 1556294299]
[1554081470, 1554080405, 1554080164, 1554079251, 1554079246, 1554078187, 1554077435, 1554076482, 1554076394, 1554075395, 1554075372, 1554075070, 1554073132, 1554071095, 1554064154, 1554063114, 1554061374, 1554060847, 1554059322, 1554058143, 1556294299]
[1554058080, 1554057928, 1554056186, 1554052376, 1554051810, 1554050391, 1554049661, 1554049527, 1554049505, 1554049397, 1554049364, 1554049014, 1554048959, 1554048947, 1554048757, 1554048621, 1554048469, 1554048464, 1554048446, 1554048394, 1556294299]
[1554048327, 1554047278, 1554046396, 1554043420, 1554042474, 1554041011, 1554040247, 1554037548, 1554036854, 1554031257, 1554031082, 1554030371, 1554029840, 1554029406, 1554027962, 1554027906, 1554027226, 1554026196, 1554025965, 1554025787, 1556294299]
[1554023442, 1554022799, 1554021689, 1554020122, 1554019752, 1554014832, 1554014182, 1554009794, 1554009588, 1554008051, 1554008037, 1554003496, 1554002327, 1553999809, 1553999469, 1553996180, 1553996102, 1553995262, 1553993815, 1553991964, 1556294299]
[1553991305, 1553987561, 1553984508, 1553978273, 1553978180, 1553972404, 1553971752, 1553971621, 1553971104, 1553969556, 1553967820, 1553966883, 1553966577, 1553966265, 1553965457, 1553964541, 1553963450, 1553962494, 1553962268, 1553961788, 1556294299]
[1553961100, 1553960977, 1553960251, 1553959416, 1553958927, 1553958650, 1553957602, 1553954996, 1553954391, 1553954127, 1553948702, 1553946998, 1553943328, 1553942880, 1553941965, 1553940049, 1553931897, 1553924339, 1553923506, 1553922282, 1556294299]
[1553920559, 1553919447, 1553917536, 1553916829, 1553913847, 1553907655, 1553907196, 1553905490, 1553903108, 1553899816, 1553898880, 1553898398, 1553892850, 1553889153, 1553886274, 1553882519, 1553881476, 1553879983, 1553879777, 1553879415, 1556294299]
[1553879190, 1553878046, 1553877065, 1553876786, 1553875699, 1553871148, 1553870742, 1553870398, 1553869362, 1553867939, 1553867500, 1553866881, 1553866312, 1553865415, 1553863896, 1553862447, 1553862130, 1553861856, 1553861760, 1553860396, 1556294299]
[1553859617, 1553856029, 1553854896, 1553853960, 1553853514, 1553853124, 1553851810, 1553851092, 1553850842, 1553850831, 1553850623, 1553850524, 1553849650, 1553848226, 1553847864, 1553847621, 1553843679, 1553843041, 1553842581, 1553842337, 1556294299]
[1553839364, 1553839194, 1553839072, 1553839050, 1553838618, 1553837820, 1553837303, 1553836565, 1553836204, 1553835931, 1553835399, 1553834906, 1553833648, 1553833058, 1553832835, 1553832714, 1553832698, 1553832393, 1553832287, 1553831918, 1556294299]
[1553831815, 1553831189, 1553831141, 1553831093, 1553830903, 1553830867, 1553829840, 1553829186, 1553828481, 1553828264, 1553827824, 1553824503, 1553823667, 1553822088, 1553820731, 1553819608, 1553818430, 1553817045, 1553816731, 1553816310, 1556294299]
[1553815904, 1553815730, 1553815420, 1553813280, 1553809584, 1553809239, 1553800294, 1553799111, 1553798690, 1553797765, 1553797380, 1553794410, 1553794150, 1553793230, 1553792540, 1553792523, 1553792274, 1553792017, 1553791445, 1553791309, 1556294299]
[1553790375, 1553790311, 1553789775, 1553789643, 1553787022, 1553786050, 1553785757, 1553785712, 1553785573, 1553785185, 1553784692, 1553784091, 1553783406, 1553783241, 1553783194, 1553782950, 1553782648, 1553782533, 1553782384, 1553782285, 1556294299]
[1553782245, 1553782048, 1553781871, 1553781760, 1553781670, 1553781413, 1553780763, 1553779878, 1553779066, 1553777919, 1553773929, 1553773800, 1553773622, 1553772447, 1553772034, 1553771727, 1553770042, 1553769877, 1553769282, 1553768876, 1556294299]
[1553768616, 1553767752, 1553766293, 1553766091, 1553765965, 1553765171, 1553764708, 1553764380, 1553764320, 1553764305, 1553763628, 1553761922, 1553758916, 1553757512, 1553756482, 1553751600, 1553750803, 1553749180, 1553748083, 1553744072, 1556294299]
[1553743997, 1553743176, 1553739553, 1553738341, 1553737377, 1553735402, 1553732073, 1553731271, 1553728887, 1553725316, 1553724783, 1553714485, 1553708268, 1553706035, 1553705306, 1553704614, 1553704026, 1553702912, 1553702900, 1553702562, 1556294299]
[1553694804, 1553692182, 1553687424, 1553687158, 1553685789, 1553682736, 1553682723, 1553679764, 1553676711, 1553673793, 1553673396, 1553672562, 1553671709, 1553671543, 1553671131, 1553668469, 1553667914, 1553665113, 1553664795, 1553664481, 1556294299]
[1553664043, 1553662326, 1553656779, 1553656091, 1553654594, 1553652473, 1553648611, 1553647532, 1553645722, 1553645451, 1553639918, 1553635730, 1553635344, 1553622790, 1553622741, 1553621427, 1553621083, 1553619262, 1553617249, 1553616794, 1556294299]
[1553613200, 1553611828, 1553610258, 1553609770, 1553607194, 1553606642, 1553606325, 1553604656, 1553597869, 1553597420, 1553595412, 1553591689, 1553588681, 1553586906, 1553584102, 1553577454, 1553577111, 1553574222, 1553571931, 1553569857, 1556294299]
[1553568762, 1553567639, 1553564066, 1553560770, 1553558681, 1553556873, 1553536138, 1553535252, 1553533719, 1553532103, 1553530395, 1553530393, 1553529664, 1553529269, 1553528269, 1553527778, 1553527485, 1553527450, 1553527160, 1553527090, 1556294299]
[1553526613, 1553525658, 1553524652, 1553524576, 1553524524, 1553524078, 1553523840, 1553523713, 1553523588, 1553522630, 1553522492, 1553522145, 1553521914, 1553521770, 1553521673, 1553521236, 1553520877, 1553519193, 1553517727, 1553517313, 1556294299]
[1553516326, 1553514675, 1553513267, 1553513256, 1553513063, 1553512542, 1553512528, 1553512369, 1553512236, 1553512068, 1553510308, 1553510197, 1553508569, 1553508012, 1553507973, 1553507812, 1553507173, 1553506368, 1553505604, 1553505270, 1556294299]
[1553503882, 1553503740, 1553503380, 1553503366, 1553503223, 1553502373, 1553501961, 1553500576, 1553498643, 1553498642, 1553498114, 1553497803, 1553497736, 1553497609, 1553497605, 1553497345, 1553495075, 1553494486, 1553493965, 1553493574, 1556294299]
[1553492442, 1553492356, 1553492152, 1553492110, 1553491939, 1553491680, 1553491514, 1553491125, 1553491118, 1553491013, 1553490126, 1553490101, 1553490101, 1553488960, 1553488781, 1553488483, 1553487958, 1553487749, 1553487693, 1553487613, 1556294299]
[1553487292, 1553487108, 1553486988, 1553486573, 1553486092, 1553486077, 1553486008, 1553485923, 1553485649, 1553485552, 1553485519, 1553485272, 1553485093, 1553484989, 1553484832, 1553484730, 1553483542, 1553483239, 1553483001, 1553482865, 1556294299]
[1553482842, 1553482773, 1553482238, 1553482194, 1553482107, 1553481821, 1553480633, 1553480579, 1553479541, 1553479493, 1553479111, 1553479094, 1553479081, 1553478987, 1553478807, 1553478645, 1553478179, 1553477591, 1553477302, 1553477250, 1556294299]
[1553477186, 1553477107, 1553476976, 1553476931, 1553476704, 1553476591, 1553476393, 1553476142, 1553475682, 1553475670, 1553475353, 1553474831, 1553474363, 1553474236, 1553474213, 1553473654, 1553473067, 1553472685, 1553472672, 1553472525, 1556294299]
[1553472277, 1553472201, 1553472025, 1553472002, 1553471819, 1553471698, 1553471490, 1553471418, 1553471372, 1553471059, 1553470979, 1553470727, 1553470589, 1553470558, 1553470258, 1553470196, 1553470196, 1553469614, 1553469529, 1553468883, 1556294299]
[1553468691, 1553468348, 1553468215, 1553467271, 1553467095, 1553466252, 1553466249, 1553464357, 1553464129, 1553460800, 1553457608, 1553457241, 1553453744, 1553452609, 1553450834, 1553450476, 1553450470, 1553449868, 1553449535, 1553448504, 1556294299]
[1553447964, 1553447824, 1553447556, 1553447258, 1553446997, 1553446986, 1553446647, 1553446623, 1553446382, 1553446370, 1553446126, 1553446048, 1553446046, 1553446035, 1553445792, 1553445769, 1553445749, 1553445697, 1553445500, 1553445176, 1556294299]
[1553445113, 1553444992, 1553444928, 1553444811, 1553444793, 1553444673, 1553444660, 1553444479, 1553444436, 1553444353, 1553444317, 1553444144, 1553444118, 1553444070, 1553444065, 1553443908, 1553443835, 1553443816, 1553443801, 1553443799, 1556294299]
[1553443785, 1553443733, 1553443731, 1553443696, 1553443631, 1553443592, 1553443585, 1553443583, 1553443577, 1553443566, 1553443544, 1553443539, 1553443532, 1553443530, 1553443528, 1553443526, 1553443512, 1553443500, 1553443500, 1553443493, 1556294299]
[1553443493, 1553443489, 1553443409, 1553441399, 1553440553, 1553440236, 1553423012, 1553416263, 1553416082, 1553410378, 1553404621, 1553400971, 1553396699, 1553392463, 1553386843, 1553356218, 1553354401, 1553347173, 1553346189, 1553334530, 1556294299]
[1553331698, 1553325607, 1553323294, 1553317141, 1553313253, 1553267593, 1553266528, 1553263332, 1553254330, 1553253117, 1553238874, 1553225454, 1553220726, 1553211072, 1553189037, 1553184713, 1553165494, 1553164703, 1553143978, 1553136856, 1556294299]
[1553135645, 1553095567, 1553092634, 1553085246, 1553074268, 1553071208, 1553062255, 1553062059, 1553053133, 1553037214, 1553035710, 1553014382, 1553005228, 1553002484, 1552987709, 1552971160, 1552963408, 1552961962, 1552957676, 1552940139, 1556294299]
[1552927903, 1552923445, 1552919834, 1552919044, 1552917987, 1552916434, 1552916139, 1552915668, 1552891992, 1552876550, 1552876054, 1552875624, 1552862962, 1552834015, 1552827491, 1552823773, 1552820555, 1552817408, 1552808270, 1552796662, 1556294299]
[1552792623, 1552792550, 1552792180, 1552790568, 1552760575, 1552757616, 1552757057, 1552753369, 1552752737, 1552749697, 1552749236, 1552745627, 1552745247, 1552745084, 1552744644, 1552744288, 1552742305, 1552741864, 1552733135, 1552733067, 1556294299]
[1552730911, 1552730480, 1552730114, 1552728604, 1552725510, 1552723273, 1552721196, 1552718592, 1552717892, 1552716093, 1552713823, 1552713683, 1552710973, 1552710844, 1552708876, 1552707843, 1552706484, 1552706118, 1552699191, 1552697510, 1556294299]
[1552697297, 1552697292, 1552696455, 1552682961, 1552672463, 1552672393, 1552669285, 1552668862, 1552667180, 1552666829, 1552666819, 1552666047, 1552665766, 1552665252, 1552665094, 1552664669, 1552662991, 1552662949, 1552662267, 1552659861, 1556294299]
[1552658740, 1552658663, 1552655966, 1552655276, 1552652845, 1552652235, 1552652113, 1552651368, 1552648522, 1552644746, 1552644716, 1552642590, 1552638424, 1552637555, 1552637300, 1552635714, 1552635680, 1552633881, 1552632116, 1552631402, 1556294299]
[1552629722, 1552628968, 1552628432, 1552628326, 1552628058, 1552627035, 1552626624, 1552626516, 1552625788, 1552625787, 1552624671, 1552624092, 1552624021, 1552623892, 1552623743, 1552623723, 1552623703, 1552623673, 1552623644, 1552623567, 1556294299]
[1552623505, 1552623496, 1552623485, 1552623245, 1552623161, 1552619564, 1552618758, 1552614811, 1552613425, 1552609752, 1552587441, 1552582351, 1552582087, 1552579546, 1552577775, 1552577010, 1552576349, 1552576323, 1552576132, 1552576011, 1556294299]
[1552574993, 1552574553, 1552573411, 1552573308, 1552572574, 1552571826, 1552568494, 1552567440, 1552565823, 1552564701, 1552563692, 1552563365, 1552561567, 1552560667, 1552560370, 1552557976, 1552557857, 1552557320, 1552557215, 1552556586, 1556294299]
[1552556081, 1552556033, 1552555358, 1552555058, 1552552729, 1552551322, 1552550486, 1552549672, 1552548967, 1552546968, 1552545963, 1552545253, 1552544803, 1552544545, 1552544117, 1552543473, 1552542021, 1552541547, 1552541326, 1552541325, 1556294299]
[1552539313, 1552538879, 1552538681, 1552538111, 1552537185, 1552536898, 1552536879, 1552535455, 1552535244, 1552535067, 1552533581, 1552533036, 1552532776, 1552532209, 1552531851, 1552531759, 1552531612, 1552531394, 1552530778, 1552530681, 1556294299]
[1552529895, 1552529046, 1552528650, 1552528162, 1552528116, 1552527838, 1552527565, 1552527501, 1552527164, 1552527091, 1552527024, 1552526384, 1552526201, 1552525825, 1552525770, 1552524978, 1552524462, 1552524161, 1552524139, 1552524128, 1556294299]
[1552524065, 1552523914, 1552523279, 1552523076, 1552522823, 1552521834, 1552521672, 1552521313, 1552521278, 1552521241, 1552519664, 1552519400, 1552516767, 1552516291, 1552515953, 1552515004, 1552503611, 1552499733, 1552499299, 1552498377, 1556294299]
[1552497511, 1552497117, 1552496811, 1552496525, 1552496139, 1552496104, 1552496096, 1552496055, 1552495698, 1552495660, 1552495606, 1552495515, 1552495296, 1552495233, 1552495092, 1552495029, 1552494288, 1552494052, 1552493612, 1552493444, 1556294299]
[1552493432, 1552493304, 1552493278, 1552493148, 1552493142, 1552492966, 1552492952, 1552490330, 1552480620, 1552477858, 1552471407, 1556294299]
