[1557329162, 1557326354, 1557310123, 1557290311, 1557282950, 1557251881, 1557243560, 1557235570, 1557224234, 1557216108, 1557210195, 1557207431, 1557202493, 1557187206, 1557183180, 1557170648, 1557164789, 1557160883, 1557160547, 1557159284]
[1557158769, 1557112902, 1557073823, 1557048218, 1557034409, 1557032159, 1557022438, 1556973000, 1556946879, 1556894475, 1556887518, 1556885049, 1556821012, 1556810413, 1556810069, 1556809690, 1556793496, 1556768116, 1556756642, 1556740594]
[1556719444, 1556705087, 1556684253, 1556640225, 1556619421, 1556609297, 1556596904, 1556590445, 1556572453, 1556556336, 1556554389, 1556554105, 1556552321, 1556549722, 1556476880, 1556453075, 1556434028, 1556426899, 1556366958, 1556365344]
[1556303476, 1556293691, 1556287737, 1556285361, 1556269355, 1556233450, 1556192684, 1556186032, 1556171898, 1556168968, 1556097852, 1556086476, 1556081605, 1556039688, 1556038426, 1556037204, 1556035695, 1556032172, 1556029812, 1556027048]
[1556023366, 1556018875, 1556015935, 1556014799, 1556008661, 1556006108, 1556005510, 1556003611, 1555991374, 1555984869, 1555981828, 1555953438, 1555950800, 1555949476, 1555949473, 1555949220, 1555949109, 1555941168, 1555918059, 1555912100]
[1555894856, 1555877141, 1555870243, 1555842726, 1555785245, 1555779290, 1555693202, 1555689466, 1555662729, 1555606157, 1555594600, 1555588773, 1555579902, 1555571106, 1555569087, 1555566548, 1555557725, 1555552483, 1555548000, 1555543983]
[1555543541, 1555501932, 1555499743, 1555488762, 1555477878, 1555464032, 1555432046, 1555431721, 1555416044, 1555375842, 1555362854, 1555346271, 1555344122, 1555339556, 1555304603, 1555239901, 1555236597, 1555226841, 1555220195, 1555210257]
[1555189210, 1555181278, 1555171841, 1555170866, 1555141016, 1555140291, 1555130942, 1555111576, 1555095734, 1555079204, 1555057910, 1555027953, 1555000295, 1554989021, 1554987310, 1554976642, 1554926301, 1554911662, 1554888107, 1554886087]
[1554858550, 1554830040, 1554808836, 1554801758, 1554787433, 1554784678, 1554777494, 1554770042, 1554769644, 1554743379, 1554735504, 1554735155, 1554725713, 1554711195, 1554698463, 1554696721, 1554681500, 1554653694, 1554653511, 1554628129]
[1554627491, 1554612073, 1554597909, 1554572248, 1554565119, 1554559708, 1554546287, 1554546023, 1554516299, 1554501740, 1554476796, 1554473273, 1554463745, 1554460138, 1554436179, 1554388494, 1554387008, 1554379755, 1554379011, 1554365625]
[1554365251, 1554362190, 1554355195, 1554280540, 1554273344, 1554265077, 1554224646, 1554219418, 1554216542, 1554215253, 1554196748, 1554195917, 1554186159, 1554184596, 1554183147, 1554175866, 1554174565, 1554174193, 1554168477, 1554165629]
[1554162383, 1554137577, 1554135916, 1554134787, 1554121966, 1554108335, 1554107724, 1554107408, 1554095983, 1554091024, 1554080326, 1554061981, 1554050449, 1554049284, 1554044136, 1554012180, 1553958240, 1553883989, 1553874835, 1553874737]
[1553871369, 1553871190, 1553862448, 1553856245, 1553832079, 1553823746, 1553820923, 1553786839, 1553778517, 1553616330, 1553616066, 1553612802, 1553596790, 1553586069, 1553584825, 1553582529, 1553581546, 1553573266, 1553567808, 1553564546]
[1553554012, 1553541556, 1553533300, 1553529841, 1553528011, 1553527908, 1553526285, 1553524958, 1553524307, 1553521393, 1553521346, 1553518025, 1553507424, 1553505226, 1553496784, 1553486516, 1553471041, 1553458802, 1553432912, 1553428153]
[1553413337, 1553412441, 1553410105, 1553402125, 1553399053, 1553392900, 1553345212, 1553334477, 1553327625, 1553318495, 1553233557, 1553229429, 1553213151, 1553186822, 1553186479, 1553185068, 1553185055, 1553183256, 1553175781, 1553175221]
[1553164432, 1553152929, 1553149027, 1553146560, 1553145204, 1553141780, 1553099522, 1553095605, 1553086942, 1553081315, 1553066456, 1553056431, 1553055619, 1553047834, 1553041121, 1553013215, 1553012809, 1553011292, 1553010169, 1553009211]
[1553000922, 1553000118, 1552997877, 1552992354, 1552989885, 1552975730, 1552972695, 1552971738, 1552970534, 1552969714, 1552965451, 1552958585, 1552954075, 1552950697, 1552928338, 1552927700, 1552926764, 1552925979, 1552923627, 1552921673]
[1552913142, 1552909270, 1552904868, 1552898692, 1552891819, 1552881357, 1552873935, 1552870584, 1552862368, 1552842098, 1552842043, 1552837211, 1552833964, 1552828543, 1552825389, 1552821272, 1552820076, 1552819687, 1552818358, 1552810996]
[1552808052, 1552794541, 1552794221, 1552791339, 1552777661, 1552771070, 1552767664, 1552760812, 1552756282, 1552755854, 1552752010, 1552751277, 1552750946, 1552750581, 1552750566, 1552750456, 1552750128, 1552749976, 1552749092, 1552748063]
[1552747881, 1552747651, 1552746234, 1552745878, 1552745396, 1552743408, 1552741638, 1552740283, 1552737109, 1552736573, 1552733818, 1552729741, 1552728649, 1552724426, 1552724370, 1552723284, 1552723262, 1552721685, 1552721195, 1552720241]
[1552711895, 1552711718, 1552710913, 1552710575, 1552710504, 1552709160, 1552708083, 1552707937, 1552705100, 1552703557, 1552703540, 1552703025, 1552700490, 1552698452, 1552698270, 1552696235, 1552692318, 1552690481, 1552676194, 1552675479]
[1552673036, 1552671527, 1552667300, 1552666873, 1552666005, 1552664683, 1552663545, 1552663303, 1552661556, 1552661066, 1552660895, 1552659531, 1552658956, 1552656850, 1552656224, 1552655457, 1552654653, 1552654351, 1552653841, 1552653437]
[1552652884, 1552652473, 1552650963, 1552650520, 1552649872, 1552649451, 1552649448, 1552645891, 1552644965, 1552644403, 1552641457, 1552640155, 1552639514, 1552638749, 1552637052, 1552635526, 1552635059, 1552633677, 1552633011, 1552632220]
[1552631114, 1552628997, 1552628298, 1552627773, 1552627752, 1552624688, 1552624282, 1552620617, 1552616678, 1552615399, 1552615209, 1552614272, 1552614187, 1552614084, 1552605738, 1552605711, 1552604605, 1552602310, 1552584914, 1552582566]
[1552581120, 1552581030, 1552580663, 1552580198, 1552580048, 1552580026, 1552579728, 1552579665, 1552579629, 1552529907, 1552519710, 1552496872, 1552480607, 1552474569, 1552472445, 1552464094, 1552461810, 1552451081, 1552443596, 1552439047]
[1552410198, 1552408609, 1552397352, 1552393100, 1552387758, 1552366095, 1552360159, 1552354024, 1552324217, 1552321652, 1552321078, 1552310811, 1552265946, 1552265305, 1552226916, 1552140610, 1552097089, 1552094104, 1552076948, 1552062148]
[1552057286, 1552051722, 1552041874, 1552000829, 1551979463, 1551966978, 1551955818, 1551953807, 1551950652, 1551933535, 1551930229, 1551901115, 1551892087, 1551887840, 1551886499, 1551875157, 1551848785, 1551806409, 1551802214, 1551783174]
[1551782411, 1551782171, 1551760523, 1551758870, 1551758080, 1551753725, 1551739091, 1551718278, 1551715549, 1551701035, 1551698086, 1551666144, 1551586958, 1551545214, 1551530777, 1551458879, 1551443347, 1551436110, 1551423191, 1551404972]
[1551403729, 1551376556, 1551369097, 1551353664, 1551339706, 1551329651, 1551276273, 1551273838, 1551230459, 1551213290, 1551205595, 1551200093, 1551198665, 1551188710, 1551180237, 1551176941, 1551176539, 1551166759, 1551166166, 1551165765]
[1551160204, 1551158526, 1551155833, 1551152516, 1551137141, 1551136237, 1551110572, 1551096756, 1551009472, 1550994649, 1550955642, 1550938532, 1550935021, 1550926481, 1550925240, 1550917080, 1550865433, 1550857686, 1550842606, 1550836502]
[1550834383, 1550833203, 1550833136, 1550833090, 1550774708, 1550767444, 1550763655, 1550759076, 1550752528, 1550751093, 1550749368, 1550745300, 1550740012, 1550737229, 1550715920, 1550692669, 1550674419, 1550664277, 1550634947, 1550629387]
[1550628972, 1550625869, 1550589709, 1550586933, 1550583776, 1550579385, 1550577136, 1550572828, 1550568040, 1550566798, 1550557114, 1550547405, 1550544188, 1550543902, 1550543199, 1550538713, 1550533815, 1550508228, 1550506139, 1550505799]
[1550495021, 1550488507, 1550483295, 1550478326, 1550471833, 1550469577, 1550465429, 1550459002, 1550421914, 1550420074, 1550419551, 1550415056, 1550412309, 1550409350, 1550407028, 1550404858, 1550395751, 1550389049, 1550385490, 1550376953]
[1550376268, 1550374396, 1550359978, 1550339088, 1550334161, 1550331889, 1550331577, 1550327040, 1550325196, 1550323153, 1550322779, 1550322717, 1550321814, 1550320400, 1550316137, 1550303277, 1550302818, 1550247147, 1550243678, 1550233834]
[1550228142, 1550204102, 1550196192, 1550191939, 1550152616, 1550150531, 1550136813, 1550134355, 1550129647, 1550127740, 1550122777, 1550120454, 1550115686, 1550074845, 1550073366, 1550070114, 1550067169, 1550063741, 1550059012, 1550057937]
[1550057373, 1550052403, 1550048404, 1550042345, 1550031871, 1550029751, 1550025151, 1550020375, 1549990961, 1549987873, 1549984624, 1549984565, 1549984062, 1549975352, 1549974210, 1549974028, 1549967472, 1549967361, 1549953610, 1549951186]
[1549941948, 1549914322, 1549909934, 1549903292, 1549900976, 1549890044, 1549875535, 1549871350, 1549867719, 1549858885, 1549852188, 1549848732, 1549815966, 1549814574, 1549799642, 1549798975, 1549788252, 1549781355, 1549780890, 1549774435]
[1549770650, 1549770490, 1549767068, 1549762767, 1549738833, 1549736821, 1549732425, 1549728423, 1549727854, 1549726940, 1549726655, 1549722674, 1549719751, 1549715223, 1549714427, 1549711870, 1549710332, 1549699750, 1549697190, 1549695767]
[1549683061, 1549671702, 1549628564, 1549614523, 1549605402, 1549603878, 1549599643, 1549548875, 1549548631, 1549502013, 1549479298, 1549469248, 1549458706, 1549450300, 1549445978, 1549411697, 1549385108, 1549377408, 1549371746, 1549371077]
[1549370345, 1549364984, 1549362112, 1549350074, 1549345055, 1549334368, 1549297626, 1549291258, 1549265176, 1549257870, 1549257534, 1549255598, 1549250718, 1549249857, 1549206416, 1549205043, 1549203776, 1549202040, 1549200139, 1549193231]
[1549191923, 1549188280, 1549184294, 1549182507, 1549169269, 1549166619, 1549163832, 1549129132, 1549113009, 1549111679, 1549100859, 1549094819, 1549077383, 1549076169, 1549046239, 1549025618, 1549007228, 1549004455, 1548999549, 1548970532]
[1548931512, 1548930781, 1548925531, 1548918770, 1548912945, 1548910978, 1548901949, 1548893305, 1548836394, 1548835042, 1548816544, 1548805448, 1548778117, 1548767005, 1548763971, 1548757640, 1548755566, 1548741825, 1548722080, 1548689194]
[1548685172, 1548681593, 1548638375, 1548602199, 1548505367, 1548432698, 1548419842, 1548415647, 1548377866, 1548257113, 1548257011, 1548240963, 1548225673, 1548174917, 1548163002, 1548143319, 1548139238, 1548086694, 1548035133, 1547995748]
[1547983908, 1547950763, 1547904799, 1547888556, 1547867333, 1547728126, 1547723864, 1547708053, 1547701948, 1547684364, 1547606897, 1547575739, 1547541730, 1547541293, 1547531670, 1547525983, 1547514847, 1547482019, 1547475433, 1547432658]
[1547401587, 1547373391, 1547358791, 1547348178, 1547312397, 1547278036, 1547260525, 1547235397, 1547221173, 1547201056, 1547196869, 1547166428, 1547139582, 1547135865, 1547111009, 1547106158, 1547098503, 1547090335, 1547055081, 1547046649]
[1547028983, 1547023230, 1547019829, 1547018633, 1547013928, 1547013338, 1546966717, 1546952505, 1546928661, 1546923592, 1546893733, 1546880582, 1546860867, 1546855252, 1546847198, 1546838993, 1546834301, 1546823857, 1546820275, 1546765898]
[1546765244, 1546764075, 1546763331, 1546761448, 1546759289, 1546746610, 1546737162, 1546705255, 1546690611, 1546675061, 1546656996, 1546608079, 1546606698, 1546603428, 1546580585, 1546577124, 1546570990, 1546563595, 1546547807, 1546523268]
[1546509624, 1546485203, 1546478281, 1546442769, 1546412944, 1546406888, 1546400370, 1546368330, 1546349964, 1546329391, 1546328174, 1546326004, 1546325963, 1546307504, 1546306726, 1546306673, 1546284701, 1546272515, 1546251386, 1546246913]
[1546245811, 1546229865, 1546228421, 1546228088, 1546228024, 1546224992, 1546212894, 1546192738, 1546189215, 1546188339, 1546185955, 1546183771, 1546183411, 1546177060, 1546175167, 1546172823, 1546172661, 1546172529, 1546172033, 1546169351]
[1546168600, 1546165106, 1546164073, 1546161707, 1546160730, 1546150332, 1546137356, 1546135255, 1546135198, 1546101747, 1546095579, 1546094305, 1546060077, 1546048121, 1546010392, 1545926601, 1545919466, 1545810897, 1545746666, 1545734399]
[1545697676, 1545671953, 1545668773, 1545668191, 1545666988, 1545628904, 1545628449, 1545620399, 1545611740, 1545533863, 1545485159, 1545397518, 1545378585, 1545365030, 1545346928, 1545312615, 1545269619, 1545266997, 1545223605, 1545131271]
[1545109663, 1545108967, 1545066973, 1545039769, 1545017254, 1545016182, 1544981884, 1544976280, 1544975240, 1544969477, 1544959745, 1544935913, 1544935519, 1544935084, 1544877575, 1544877422, 1544876864, 1544866966, 1544866346, 1544759603]
[1544708312, 1544689932, 1544632732, 1544620099, 1544572451, 1544570785, 1544538785, 1544529760, 1544511303, 1544489851, 1544422492, 1544396812, 1544373440, 1544370348, 1544324300, 1544323610, 1544200763, 1544102052, 1544031532, 1544001797]
[1543990669, 1543986258, 1543973269, 1543917413, 1543882805, 1543876864, 1543854333, 1543845162, 1543825850, 1543807715, 1543779877, 1543764646, 1543742049, 1543717540, 1543675707, 1543666044, 1543635846, 1543635327, 1543590216, 1543580256]
[1543570748, 1543565288, 1543561131, 1543556694, 1543555395, 1543555180, 1543513297, 1543491013, 1543489053, 1543427431, 1543398321, 1543393782, 1543364063, 1543330540, 1543325297, 1543322525, 1543293378, 1543209837, 1543195123, 1543152714]
[1543142109, 1543119544, 1543119473, 1543119439, 1543072155, 1543043039, 1543038375, 1543027650, 1543003820, 1542905531, 1542904414, 1542895512, 1542869291, 1542851931, 1542792763, 1542781812, 1542761968, 1542759730, 1542723926, 1542680604]
[1542674721, 1542643898, 1542641577, 1542631663, 1542620346, 1542610702, 1542605781, 1542568129, 1542557760, 1542539731, 1542527290, 1542521933, 1542516603, 1542515474, 1542511539, 1542451455, 1542439843, 1542427385, 1542427346, 1542358643]
[1542347806, 1542340999, 1542339531, 1542337318, 1542336185, 1542299008, 1542298737, 1542287821, 1542286980, 1542283225, 1542277298, 1542271889, 1542271869, 1542261818, 1542259688, 1542253911, 1542250469, 1542249340, 1542245726, 1542243733]
[1542240504, 1542239360, 1542213313, 1542207351, 1542206867, 1542206672, 1542201958, 1542198373, 1542198340, 1542195471, 1542192811, 1542186772, 1542186291, 1542182164, 1542178575, 1542172046, 1542170055, 1542167478, 1542165314, 1542163866]
[1542158779, 1542155076, 1542153382, 1542139893, 1542131675, 1542125804, 1542125408, 1542125376, 1542124971, 1542124939, 1542124163, 1542124158, 1542121059, 1542120862, 1542119112, 1542118284, 1542117426, 1542114413, 1542113663, 1542113444]
[1542113430, 1542113402, 1542112963, 1542112507, 1542110845, 1542110440, 1542109210, 1542107744, 1542107206, 1542107059, 1542106766, 1542105813, 1542105382, 1542104834, 1542104580, 1542103907, 1542103861, 1542103151, 1542103066, 1542102542]
[1542102204, 1542102132, 1542101906, 1542101869, 1542101561, 1542101479, 1542101442, 1542101441, 1542101423, 1542100986, 1542100860, 1542100386, 1542100261, 1542100236, 1542100219, 1542100200, 1542099999, 1542099653, 1542099453, 1542099393]
[1542099294, 1542098394, 1542098314, 1542098175, 1542097893, 1542097772, 1542097754, 1542097488, 1542097470, 1542097421, 1542097134, 1542096882, 1542096875, 1542096752, 1542096520, 1542096509, 1542096471, 1542096449, 1542096419, 1542096414]
[1542096128, 1542096046, 1542095978, 1542095930, 1542095901, 1542095868, 1542095715, 1542095565, 1542095506, 1542095480, 1542095343, 1542095263, 1542094980, 1542094814, 1542094810, 1542094782, 1542094732, 1542094607, 1542094335, 1542094243]
[1542093859, 1542093811, 1542093662, 1542093598, 1542093490, 1542093468, 1542093464, 1542093417, 1542093364, 1542093252, 1542093133, 1542092962, 1542092860, 1542092727, 1542092593, 1542092573, 1542092542, 1542092333, 1542091606, 1542091597]
[1542091563, 1542090874, 1542090175, 1542089276, 1542088752, 1542088730, 1542088356, 1542088201, 1542087677, 1542087515, 1542083203, 1542040953, 1542037900, 1542033893, 1542033129, 1542033129, 1542032615, 1542031361, 1542030699, 1542030644]
[1542030399, 1542030252, 1542027998, 1542027067, 1542026854, 1542026841, 1542025792, 1542022578, 1542022449, 1542022422, 1542022291, 1542021511, 1542021483, 1542019851, 1542019645, 1542019562, 1542018262, 1542018102, 1542017231, 1542016171]
[1542015521, 1542015477, 1542014665, 1542013188, 1542012241, 1542011515, 1542011082, 1542010146]
