[1557366505, 1557332023, 1557329076, 1557321031, 1557293183, 1557247821, 1557240931, 1557215311, 1557203773, 1557157642, 1557134273, 1557106589, 1557029909, 1556933044, 1556902822, 1556894207, 1556814572, 1556795034, 1556696899, 1556675619, 1555509757]
[1556641539, 1556640436, 1556633425, 1556607332, 1556589140, 1556574310, 1556551044, 1556543652, 1556523999, 1556473636, 1556368525, 1556342415, 1556284997, 1556201273, 1556118271, 1556094352, 1556088272, 1556065774, 1556023794, 1556020259, 1555509757]
[1556012796, 1555992755, 1555990841, 1555990800, 1555842806, 1555842198, 1555807752, 1555790665, 1555768250, 1555751923, 1555647351, 1555647291, 1555645770, 1555628602, 1555614983, 1555601009, 1555590887, 1555586523, 1555580657, 1555564097, 1555509757]
[1555560941, 1555509757, 1555503873, 1555501183, 1555476895, 1555470112, 1555457035, 1555432407, 1555421506, 1555406875, 1555346269, 1555343848, 1555337167, 1555319741, 1555313479, 1555303951, 1555299438, 1555291610, 1555250101, 1555249193, 1555509757]
[1555246667, 1555236404, 1555207267, 1555199255, 1555198209, 1555196828, 1555165911, 1555163594, 1555150178, 1555147875, 1555131579, 1555130164, 1555129532, 1555119206, 1555095425, 1555083600, 1555055924, 1555055496, 1555050729, 1555040271, 1555509757]
[1555014944, 1554995293, 1554994157, 1554989304, 1554973158, 1554969609, 1554968133, 1554956337, 1554914432, 1554913418, 1554913161, 1554910984, 1554908939, 1554904561, 1554898573, 1554888672, 1554866408, 1554865750, 1554836671, 1554835858, 1555509757]
[1554819881, 1554819714, 1554812753, 1554807425, 1554806353, 1554802521, 1554794555, 1554789320, 1554785668, 1554781587, 1554781579, 1554778936, 1554774063, 1554745370, 1554745119, 1554744967, 1554743652, 1554741498, 1554739867, 1554735216, 1555509757]
[1554732549, 1554727737, 1554726043, 1554722296, 1554716529, 1554715240, 1554711283, 1554698471, 1554697242, 1554693454, 1554692957, 1554689347, 1554686824, 1554681526, 1554660188, 1554653918, 1554645669, 1554642979, 1554642714, 1554642089, 1555509757]
[1554641335, 1554634004, 1554633816, 1554628690, 1554625255, 1554621428, 1554618461, 1554617466, 1554617055, 1554613933, 1554608306, 1554607517, 1554606551, 1554604342, 1554601850, 1554601559, 1554600947, 1554595526, 1554579441, 1554575283, 1555509757]
[1554569452, 1554569250, 1554567600, 1554566927, 1554564356, 1554564221, 1554562128, 1554560055, 1554559222, 1554557992, 1554556560, 1554553381, 1554549471, 1554547668, 1554547194, 1554546075, 1554544944, 1554544857, 1554542519, 1554542346, 1555509757]
[1554542130, 1554539407, 1554539405, 1554538442, 1554537911, 1554537658, 1554536721, 1554535257, 1554529880, 1554527647, 1554527509, 1554525039, 1554524868, 1554524060, 1554524012, 1554523807, 1554523123, 1554521845, 1554515650, 1554509862, 1555509757]
[1554508088, 1554507847, 1554504484, 1554491729, 1554486354, 1554485613, 1554485296, 1554483888, 1554482912, 1554482546, 1554482143, 1554481770, 1554481183, 1554480279, 1554479918, 1554479038, 1554478136, 1554477568, 1554477349, 1554477336, 1555509757]
[1554475370, 1554472975, 1554472592, 1554471177, 1554470757, 1554469692, 1554469525, 1554468394, 1554467891, 1554466654, 1554466322, 1554465306, 1554464571, 1554463364, 1554462853, 1554462233, 1554461889, 1554461453, 1554461440, 1554461325, 1555509757]
[1554460678, 1554460198, 1554460066, 1554459842, 1554459423, 1554459127, 1554457688, 1554457258, 1554457134, 1554456574, 1554456230, 1554455996, 1554455733, 1554454967, 1554454920, 1554454325, 1554453568, 1554453073, 1554452945, 1554452432, 1555509757]
[1554452251, 1554451645, 1554451463, 1554451228, 1554449747, 1554448838, 1554447710, 1554447054, 1554446450, 1554446300, 1554445286, 1554444863, 1554444793, 1554443354, 1554443060, 1554442950, 1554442711, 1554442503, 1554440795, 1554440434, 1555509757]
[1554440421, 1554440223, 1554439956, 1554439758, 1554439749, 1554439428, 1554439058, 1554438721, 1554438712, 1554438694, 1554438544, 1554438501, 1554436237, 1554435977, 1554435482, 1554434268, 1554433913, 1554433656, 1554433461, 1554433450, 1555509757]
[1554432345, 1554432278, 1554431892, 1554430940, 1554430213, 1554430040, 1554429720, 1554429454, 1554429419, 1554428959, 1554428602, 1554428440, 1554428258, 1554428060, 1554427240, 1554426944, 1554426874, 1554426852, 1554426781, 1554425579, 1555509757]
[1554425562, 1554425290, 1554424317, 1554424299, 1554424233, 1554423740, 1554423115, 1554422844, 1554422673, 1554422405, 1554422057, 1554421563, 1554421019, 1554420727, 1554419722, 1554419123, 1554418907, 1554417169, 1554417142, 1554416234, 1555509757]
[1554412542, 1554410985, 1554410788, 1554409353, 1554408728, 1554407602, 1554406170, 1554404116, 1554403863, 1554402829, 1554401661, 1554400376, 1554400217, 1554399910, 1554399859, 1554399208, 1554399146, 1554399139, 1554398893, 1554398867, 1555509757]
[1554398248, 1554397941, 1554397770, 1554397380, 1554397312, 1554396993, 1554396899, 1554396749, 1554396713, 1554396676, 1554396645, 1554396472, 1554396062, 1554396062, 1554396033, 1554395939, 1554395695, 1554395325, 1554395191, 1554395175, 1555509757]
[1554395113, 1554395072, 1554395045, 1554394989, 1554394956, 1554394911, 1554394907, 1554394888, 1554394874, 1554394794, 1554394759, 1554394720, 1554394545, 1554394439, 1554394338, 1554394275, 1554394145, 1554394143, 1554394097, 1554394072, 1555509757]
[1554394054, 1554394026, 1554393979, 1554393964, 1554393926, 1554393903, 1554393888, 1554393877, 1554393852, 1554393847, 1554393839, 1554393837, 1554393825, 1554393821, 1554393810, 1554393808, 1554393801, 1554392990, 1554391925, 1554391286, 1555509757]
[1554387853, 1554387115, 1554379766, 1554379562, 1554377403, 1554374710, 1554374346, 1554370779, 1554369995, 1554363510, 1554361132, 1554359606, 1554357091, 1554356957, 1554351088, 1554345418, 1554319217, 1554318215, 1554314976, 1554313325, 1555509757]
[1554311707, 1554310053, 1554309088, 1554306727, 1554306609, 1554303247, 1554303017, 1554301368, 1554296181, 1554293449, 1554292910, 1554291680, 1554289509, 1554287410, 1554285445, 1554283301, 1554282399, 1554276711, 1554274283, 1554272458, 1555509757]
[1554268746, 1554267817, 1554264710, 1554260127, 1554257058, 1554256216, 1554250336, 1554225088, 1554223227, 1554221743, 1554220881, 1554220657, 1554220643, 1554220473, 1554219410, 1554218364, 1554218234, 1554216050, 1554215916, 1554215767, 1555509757]
[1554215582, 1554214791, 1554214354, 1554214116, 1554212640, 1554209693, 1554209081, 1554207860, 1554207494, 1554207345, 1554207286, 1554202638, 1554202221, 1554200734, 1554200652, 1554199128, 1554198858, 1554197732, 1554191951, 1554191946, 1555509757]
[1554190072, 1554184006, 1554183395, 1554177574, 1554175446, 1554169185, 1554143798, 1554113548, 1554113328, 1554107768, 1554089181, 1554055383, 1554034064, 1554007856, 1554007491, 1553957134, 1553943205, 1553921380, 1553918800, 1553911845, 1555509757]
[1553911270, 1553907248, 1553901005, 1553897463, 1553884063, 1553880889, 1553868809, 1553862774, 1553856747, 1553855135, 1553855110, 1553848670, 1553835741, 1553835278, 1553834653, 1553832986, 1553822133, 1553809562, 1553788543, 1553787797, 1555509757]
[1553786650, 1553786545, 1553779394, 1553777997, 1553777618, 1553773146, 1553765440, 1553748818, 1553743572, 1553734837, 1553697970, 1553696680, 1553695727, 1553690926, 1553690381, 1553689454, 1553677994, 1553666201, 1553661233, 1553651023, 1555509757]
[1553645095, 1553612644, 1553608854, 1553603393, 1553603026, 1555509757]
