[1557369924, 1557364896, 1557363255, 1557348531, 1557339514, 1557338697, 1557332398, 1557332102, 1557331742, 1557331555, 1557326296, 1557323503, 1557322730, 1557322085, 1557320491, 1557319547, 1557319382, 1557319005, 1557314247, 1557307244]
[1557302347, 1557301408, 1557297919, 1557294483, 1557293256, 1557292636, 1557292156, 1557292050, 1557291309, 1557290851, 1557290601, 1557290133, 1557288973, 1557288745, 1557287976, 1557287245, 1557286088, 1557285457, 1557284384, 1557282982]
[1557281853, 1557281262, 1557278953, 1557278409, 1557277807, 1557276359, 1557275436, 1557271974, 1557269192, 1557255851, 1557254515, 1557248707, 1557248017, 1557247731, 1557246952, 1557246893, 1557245623, 1557245335, 1557245307, 1557245142]
[1557244866, 1557221379, 1557192770, 1557164640, 1557155693, 1557151533, 1557150008, 1557145055, 1557144164, 1557142529, 1557138063, 1557125163, 1557117154, 1557113891, 1557110699, 1557107081, 1557074414, 1557061138, 1557057296, 1557057194]
[1557052655, 1557049677, 1557048541, 1557047482, 1557046798, 1557040082, 1557038793, 1557034491, 1557019148, 1556991706, 1556984055, 1556982580, 1556981747, 1556981119, 1556977964, 1556974275, 1556973523, 1556969248, 1556969147, 1556968063]
[1556968026, 1556965701, 1556964776, 1556963403, 1556963109, 1556963101, 1556962866, 1556955013, 1556951420, 1556951388, 1556950700, 1556950456, 1556949398, 1556946294, 1556944068, 1556942612, 1556941917, 1556928407, 1556927926, 1556927591]
[1556925526, 1556923335, 1556907769, 1556904886, 1556899891, 1556899567, 1556899085, 1556897010, 1556896585, 1556892971, 1556892254, 1556891910, 1556891423, 1556891258, 1556890634, 1556890440, 1556889615, 1556888160, 1556887578, 1556885117]
[1556885073, 1556884971, 1556877504, 1556877177, 1556875834, 1556870723, 1556870320, 1556870294, 1556868215, 1556868023, 1556863724, 1556853456, 1556851557, 1556851309, 1556851152, 1556849811, 1556849226, 1556844960, 1556843342, 1556837822]
[1556835608, 1556822289, 1556820256, 1556818811, 1556815844, 1556814813, 1556814090, 1556813175, 1556810579, 1556810462, 1556806182, 1556805736, 1556805688, 1556804878, 1556804429, 1556802074, 1556801734, 1556799293, 1556796631, 1556795716]
[1556794372, 1556789735, 1556788912, 1556786721, 1556784614, 1556782275, 1556779322, 1556779049, 1556778150, 1556778024, 1556773256, 1556773113, 1556771786, 1556770947, 1556769207, 1556768398, 1556767003, 1556766228, 1556765616, 1556764071]
[1556763346, 1556763304, 1556761203, 1556760172, 1556755960, 1556755145, 1556754006, 1556753726, 1556752719, 1556752633, 1556750676, 1556743264, 1556743167, 1556737426, 1556735216, 1556734714, 1556733811, 1556732501, 1556732043, 1556730395]
[1556728973, 1556728438, 1556727842, 1556726871, 1556726776, 1556726367, 1556725964, 1556725947, 1556725593, 1556725435, 1556725278, 1556725270, 1556724992, 1556724419, 1556724276, 1556722913, 1556722850, 1556722078, 1556722065, 1556721381]
[1556721328, 1556720433, 1556719951, 1556717761, 1556715976, 1556715473, 1556715061, 1556714195, 1556713728, 1556713640, 1556713439, 1556713364, 1556713243, 1556712225, 1556711487, 1556711433, 1556711255, 1556709990, 1556709549, 1556709202]
[1556708709, 1556708694, 1556708198, 1556707650, 1556707358, 1556707345, 1556706801, 1556706724, 1556706441, 1556705810, 1556705506, 1556705109, 1556704383, 1556704223, 1556704132, 1556703689, 1556702512, 1556701999, 1556701720, 1556701312]
[1556700958, 1556700303, 1556700116, 1556699578, 1556698720, 1556698366, 1556697504, 1556697313, 1556697270, 1556696174, 1556694740, 1556694729, 1556694364, 1556694128, 1556693503, 1556692971, 1556692566, 1556692534, 1556692132, 1556691911]
[1556691661, 1556691339, 1556691092, 1556691080, 1556690589, 1556690433, 1556689999, 1556689035, 1556688799, 1556688699, 1556688254, 1556688114, 1556688033, 1556688023, 1556687945, 1556687732, 1556687634, 1556687493, 1556687237, 1556687008]
[1556686838, 1556686659, 1556686551, 1556686434, 1556686194, 1556685975, 1556685891, 1556685788, 1556685282, 1556685280, 1556685224, 1556685023, 1556684957, 1556684806, 1556684762, 1556684695, 1556684431, 1556684353, 1556684263, 1556684147]
[1556684114, 1556684040, 1556683980, 1556683968, 1556683878, 1556683804, 1556683792, 1556683707, 1556683670, 1556683668, 1556683557, 1556683544, 1556683543, 1556683460, 1556683454, 1556683421, 1556683135, 1556683133, 1556683101, 1556682856]
[1556682846, 1556682744, 1556682464, 1556682450, 1556682418, 1556682162, 1556682130, 1556681804, 1556681733, 1556681682, 1556681502, 1556681300, 1556680811, 1556680097, 1556679951, 1556679571, 1556679422, 1556679148, 1556679143, 1556679103]
[1556678943, 1556678764, 1556678700, 1556678431, 1556678392, 1556678389, 1556677958, 1556677919, 1556677390, 1556676970, 1556676867, 1556676769, 1556676149, 1556676025, 1556675943, 1556675896, 1556675757, 1556675597, 1556675452, 1556675067]
[1556674861, 1556674832, 1556674780, 1556674756, 1556673995, 1556673911, 1556673695, 1556673442, 1556673070, 1556672911, 1556672826, 1556672674, 1556672577, 1556672563, 1556672349, 1556672316, 1556672290, 1556671861, 1556671780, 1556671776]
[1556671533, 1556671504, 1556671497, 1556671302, 1556671207, 1556671093, 1556670095, 1556670024, 1556669737, 1556669556, 1556669505, 1556669018, 1556668958, 1556668834, 1556668735, 1556668711, 1556668694, 1556668567, 1556668558, 1556668515]
[1556668417, 1556668302, 1556668301, 1556668240, 1556668211, 1556668095, 1556668063, 1556667925, 1556667789, 1556667737, 1556667686, 1556667414, 1556667211, 1556666880, 1556666708, 1556666669, 1556666585, 1556666505, 1556665794, 1556665766]
[1556665552, 1556664317, 1556664143, 1556663828, 1556663062, 1556662918, 1556662558, 1556662556, 1556662477, 1556661939, 1556661857, 1556661600, 1556660625, 1556659630, 1556657971, 1556654116, 1556653495, 1556653460, 1556653432, 1556653129]
[1556651565, 1556651545, 1556650860, 1556649562, 1556648455, 1556647637, 1556647629, 1556647563, 1556647213, 1556647140, 1556646912, 1556646723, 1556646470, 1556646414, 1556646412, 1556646404, 1556646219, 1556645792, 1556645703, 1556645661]
[1556645296, 1556645118, 1556645065, 1556644958, 1556644902, 1556644837, 1556644729, 1556644661, 1556644628, 1556644300, 1556643955, 1556643811, 1556643737, 1556643645, 1556643628, 1556643495, 1556643377, 1556643324, 1556643318, 1556643314]
[1556643198, 1556643197, 1556643161, 1556643120, 1556643079, 1556643049, 1556643022, 1556642863, 1556642857, 1556642806, 1556642784, 1556642744, 1556642698, 1556642593, 1556642561, 1556642528, 1556642500, 1556642487, 1556642455, 1556642445]
[1556642434, 1556642417, 1556642306, 1556642111, 1556642080, 1556642027, 1556641990, 1556641962, 1556641931, 1556641855, 1556641843, 1556641713, 1556641692, 1556641688, 1556641686, 1556641681, 1556641668, 1556641591, 1556641565, 1556641564]
[1556641539, 1556641494, 1556641385, 1556641348, 1556641317, 1556641289, 1556641249, 1556641241, 1556641210, 1556641196, 1556641185, 1556641177, 1556641168, 1556641108, 1556641017, 1556640993, 1556640944, 1556640941, 1556640926, 1556640922]
[1556640895, 1556640893, 1556640883, 1556640772, 1556640757, 1556640737, 1556640728, 1556640698, 1556640674, 1556640673, 1556640624, 1556640541, 1556640498, 1556640492, 1556640485, 1556640480, 1556640443, 1556640273, 1556640153, 1556639867]
[1556639782, 1556639649, 1556638702, 1556635855, 1556635426, 1556625042, 1556622818, 1556618609, 1556599791, 1556599268, 1556573781, 1556565455, 1556524238, 1556524151, 1556522298, 1556516720, 1556514097, 1556510313, 1556509204, 1556506857]
[1556504797, 1556496708, 1556467163, 1556466774, 1556456275, 1556455578, 1556442740, 1556438686, 1556438662, 1556429483, 1556425544, 1556417533, 1556416207, 1556415877, 1556415485, 1556411579, 1556389419, 1556387794, 1556384391, 1556382794]
[1556380365, 1556377917, 1556376477, 1556375180, 1556371803, 1556363474, 1556362653, 1556362646, 1556362637, 1556350692, 1556345968, 1556337089, 1556326383, 1556324404, 1556324030, 1556322492, 1556322354, 1556318683, 1556310390, 1556298946]
[1556297681, 1556297163, 1556294647, 1556293976, 1556293142, 1556293005, 1556290878, 1556289586, 1556287971, 1556280891, 1556280314, 1556276240, 1556275424, 1556274096, 1556272838, 1556272135, 1556271396, 1556270547, 1556266717, 1556266495]
[1556265379, 1556258851, 1556257894, 1556257774, 1556257579, 1556256908, 1556254644, 1556254641, 1556253946, 1556252757, 1556251876]
