[1557323816, 1557323754, 1557191636, 1557135304, 1557025045, 1556975581, 1556884819, 1556872847, 1556865553, 1556851537, 1556839355, 1556811043, 1556809998, 1556777711, 1556769521, 1556721712, 1556721419, 1556696584, 1556692781, 1556692345]
[1556681236, 1556679668, 1556633860, 1556626322, 1556597109, 1556592175, 1556555116, 1556551314, 1556436640, 1556355651, 1556275049, 1556264392, 1556223553, 1556189037, 1556121534, 1556028171, 1556025984, 1556003479, 1555995120, 1555866743]
[1555834581, 1555821754, 1555811436, 1555785358, 1555762172, 1555692933, 1555684708, 1555679565, 1555577997, 1555504625, 1555502056, 1555425731, 1555425706, 1555421060, 1555411906, 1555411714, 1555350420, 1555333646, 1555293067, 1555257318]
[1555256170, 1555227621, 1555216718, 1555168143, 1555162530, 1555161498, 1555160247, 1555142694, 1555137334, 1555098730, 1555087197, 1555084244, 1555051986, 1555003489, 1554995093, 1554979950, 1554967534, 1554913515, 1554906860, 1554875076]
[1554862552, 1554857723, 1554853287, 1554845043, 1554824645, 1554820929, 1554810021, 1554809494, 1554809454, 1554799967, 1554795375, 1554787124, 1554780468, 1554775978, 1554742805, 1554740441, 1554733048, 1554724088, 1554713548, 1554701489]
[1554697431, 1554695807, 1554665036, 1554647654, 1554645844, 1554640294, 1554636626, 1554627663, 1554626661, 1554626190, 1554613551, 1554612312, 1554610642, 1554610051, 1554608437, 1554590794, 1554574584, 1554573879, 1554567647, 1554560276]
[1554558114, 1554557399, 1554542252, 1554538357, 1554531597, 1554525345, 1554524744, 1554506307, 1554485779, 1554484461, 1554476029, 1554475279, 1554472357, 1554472186, 1554470676, 1554454752, 1554453594, 1554436832, 1554434781, 1554432891]
[1554432284, 1554429849, 1554407934, 1554395814, 1554387991, 1554377621, 1554374105, 1554347025, 1554309228, 1554308103, 1554303728, 1554300687, 1554296322, 1554291997, 1554290399, 1554283641, 1554277103, 1554272395, 1554267981, 1554266248]
[1554220743, 1554219728, 1554212507, 1554210902, 1554206081, 1554205949, 1554205351, 1554200226, 1554196515, 1554193963, 1554192508, 1554190566, 1554190141, 1554181510, 1554180552, 1554168864, 1554168166, 1554163461, 1554146049, 1554140158]
[1554134882, 1554134846, 1554134532, 1554123896, 1554123552, 1554089910, 1554039218, 1554020830, 1554013879, 1554003739, 1553958220, 1553952686, 1553950724, 1553924164, 1553914935, 1553901295, 1553881852, 1553870236, 1553834746, 1553824306]
[1553794508, 1553793226, 1553792762, 1553761324, 1553754134, 1553750808, 1553744989, 1553732184, 1553701174, 1553672225, 1553630740, 1553619569, 1553595056, 1553584877, 1553582688, 1553576326, 1553575811, 1553572190, 1553562143, 1553551008]
[1553539950, 1553532455, 1553530626, 1553528202, 1553517950, 1553516585, 1553488819, 1553481177, 1553480296, 1553441341, 1553435373, 1553430104, 1553425643, 1553425558, 1553424908, 1553420769, 1553415434, 1553410971, 1553409143, 1553407292]
[1553407112, 1553389910, 1553387954, 1553384577, 1553362790, 1553359685, 1553348654, 1553343596, 1553340232, 1553335650, 1553331752, 1553326850, 1553321964, 1553321689, 1553313345, 1553312303, 1553271689, 1553266670, 1553180112, 1553174542]
[1553164675, 1553153900, 1553147238, 1553145273, 1553097490, 1553087482, 1553074738, 1553070246, 1553069986, 1553069857, 1553064077, 1553060411, 1553058075, 1553051124, 1553037135, 1553013289, 1553010940, 1552990704, 1552988400, 1552987062]
[1552974303, 1552973312, 1552962831, 1552962187, 1552931843, 1552926137, 1552901571, 1552895208, 1552887362, 1552861746, 1552832821, 1552819256, 1552818474, 1552813725, 1552802891, 1552802563, 1552800677, 1552796664, 1552777761, 1552750680]
[1552750333, 1552750288, 1552740233, 1552671159, 1552648559, 1552603884, 1552578095, 1552522205, 1552491772, 1552491105, 1552484460, 1552480177, 1552462392, 1552443965, 1552436275, 1552409162, 1552408224, 1552407319, 1552406640, 1552404511]
[1552403017, 1552398528, 1552396758, 1552393887, 1552390785, 1552390234, 1552385071, 1552371776, 1552368803, 1552364826, 1552360678, 1552358215, 1552353125, 1552348735, 1552323618, 1552323038, 1552321075, 1552320684, 1552320013, 1552317339]
[1552314801, 1552310096, 1552307629, 1552303151, 1552232247, 1552225960, 1552195696, 1552185174, 1552160264, 1552153972, 1552141660, 1552140252, 1552139777, 1552122285, 1552120940, 1552118860, 1552116164, 1552058229, 1552058194, 1552043835]
[1552024340, 1552013206, 1551981569, 1551910930, 1551898954, 1551877828, 1551873909, 1551867871, 1551867671, 1551864766, 1551864654, 1551858026, 1551833451, 1551822758, 1551804553, 1551801084, 1551800996, 1551800663, 1551797218, 1551795543]
[1551794288, 1551779451, 1551775455, 1551770683, 1551768146, 1551765984, 1551765204, 1551722682, 1551709386, 1551663450, 1551642737, 1551641072, 1551633475, 1551622263, 1551621313, 1551610524, 1551606987, 1551603488, 1551602383, 1551599260]
[1551595581, 1551593751, 1551584941, 1551581720, 1551579493, 1551554976, 1551547279, 1551546935, 1551540008, 1551535941, 1551533276, 1551525850, 1551505811, 1551494249, 1551459649, 1551454639, 1551448333, 1551444440, 1551424745, 1551412672]
[1551369866, 1551369239, 1551366040, 1551365099, 1551350297, 1551349631, 1551345700, 1551333854, 1551332390, 1551322148, 1551319776, 1551290088, 1551288514, 1551285393, 1551284630, 1551283087, 1551276554, 1551275370, 1551244425, 1551242359]
[1551225158, 1551221182, 1551203216, 1551199716, 1551199170, 1551198067, 1551190763, 1551189369, 1551186576, 1551183518, 1551182525, 1551182483, 1551181151, 1551178768, 1551178291, 1551177867, 1551176578, 1551169347, 1551169251, 1551154631]
[1551154259, 1551152647, 1551149025, 1551148466, 1551123591, 1551122743, 1551122075, 1551120358, 1551120316, 1551116801, 1551115737, 1551114568, 1551113372, 1551113125, 1551093738, 1551087121, 1551030497, 1551016826, 1551014913, 1550998120]
[1550904491, 1550847724, 1550774755, 1550760211, 1550750070, 1550681694, 1550676701, 1550671921, 1550669828, 1550608872, 1550594958, 1550589512, 1550589101, 1550586587, 1550586383, 1550581036, 1550577047, 1550570823, 1550560733, 1550543732]
[1550518651, 1550517169, 1550509880, 1550509410, 1550509065, 1550507882, 1550506890, 1550505603, 1550505227, 1550473096, 1550423692, 1550417335, 1550415191, 1550410957, 1550410607, 1550405578, 1550400275, 1550391729, 1550381505, 1550380033]
[1550373158, 1550332251, 1550318074, 1550310805, 1550308480, 1550256524, 1550249899, 1550248532, 1550229850, 1550225948, 1550223058, 1550221461, 1550218264, 1550217536, 1550217518, 1550211797, 1550210018, 1550204388, 1550200540, 1550199892]
[1550164248, 1550161698, 1550157477, 1550154505, 1550144835, 1550143715, 1550140065, 1550137731, 1550136081, 1550110708, 1550083082, 1550081916, 1550079647, 1550078457, 1550077492, 1550072098, 1550069606, 1550069561, 1550049138, 1550046884]
[1550043359, 1550037303, 1550035967, 1550035840, 1550031916, 1550029477, 1550029312, 1550027441, 1550024409, 1550020107, 1549994028, 1549989077, 1549988835, 1549988639, 1549982578, 1549981291, 1549978185, 1549978154, 1549977849, 1549974341]
[1549971739, 1549968081, 1549961208, 1549960566, 1549960254, 1549958931, 1549958535, 1549954923, 1549951993, 1549950198, 1549948288, 1549942208, 1549938482, 1549935378, 1549930293, 1549930038, 1549917265, 1549911558, 1549909764, 1549906035]
[1549904231, 1549903865, 1549903672, 1549902959, 1549893875, 1549890287, 1549863636, 1549856739, 1549853410, 1549852407, 1549852237, 1549842837, 1549842282, 1549820859, 1549820321, 1549808855, 1549808455, 1549803276, 1549798290, 1549795202]
[1549792360, 1549790160, 1549777216, 1549737233, 1549735139, 1549722656, 1549721887, 1549721568, 1549714271, 1549713841, 1549711251, 1549701181, 1549697297, 1549687234, 1549685915, 1549651886, 1549645104, 1549637517, 1549598369, 1549596324]
[1549593253, 1549569412, 1549568917, 1549568859, 1549556529, 1549555183, 1549549533, 1549548004, 1549545866, 1549539214, 1549535842, 1549534193, 1549533352, 1549530308, 1549527024, 1549526670, 1549525336, 1549521923, 1549519643, 1549517468]
[1549515500, 1549509013, 1549506851, 1549503117, 1549494998, 1549474462, 1549463370, 1549461474, 1549451683, 1549449099, 1549447549, 1549446225, 1549444846, 1549444155, 1549443939, 1549441065, 1549438943, 1549438126, 1549432661, 1549432636]
[1549432145, 1549428320, 1549424812, 1549424058, 1549423273, 1549418444, 1549413514, 1549405826, 1549397478, 1549396152, 1549387804, 1549387414, 1549387254, 1549386973, 1549386752, 1549384877, 1549384534, 1549383880, 1549383116, 1549383010]
[1549382987, 1549382959, 1549382955, 1549382947, 1549382871, 1549382746, 1549382737, 1549382606, 1549382497, 1549382469, 1549382466, 1549382099, 1549382014, 1549381884, 1549381829, 1549381811, 1549381788, 1549381551, 1549381504, 1549380558]
[1549379580, 1549379168, 1549378645, 1549378634, 1549378557, 1549378008, 1549377599, 1549377104, 1549377018, 1549376573, 1549375818, 1549375316, 1549375105, 1549374551, 1549374367, 1549374169, 1549374028, 1549373820, 1549373587, 1549371525]
[1549371362, 1549371228, 1549370716, 1549369289, 1549369188, 1549369111, 1549368288, 1549367415, 1549367057, 1549366747, 1549366646, 1549365227, 1549364920, 1549363495, 1549362683, 1549362310, 1549361557, 1549361244, 1549360045, 1549359798]
[1549359178, 1549358804, 1549358304, 1549357946, 1549356690, 1549356143, 1549355840, 1549355370, 1549355258, 1549355239, 1549353741, 1549353660, 1549352515, 1549351763, 1549349630, 1549349553, 1549346982, 1549346926, 1549346751, 1549345734]
[1549345501, 1549344634, 1549344012, 1549343687, 1549341895, 1549341497, 1549341331, 1549340766, 1549340177, 1549338669, 1549337203, 1549336947, 1549336941, 1549335841, 1549334811, 1549333768, 1549331456, 1549321901, 1549308800, 1549308005]
[1549304639, 1549304018, 1549302890, 1549302049, 1549299688, 1549299121, 1549297720, 1549297612, 1549297367, 1549297091, 1549297043, 1549296069, 1549293041, 1549292878, 1549291533, 1549282406, 1549273921, 1549272922, 1549272463, 1549271501]
[1549266608, 1549262144, 1549260749, 1549260266, 1549257949, 1549253246, 1549242707, 1549211783, 1549210402, 1549210272, 1549210195, 1549201926, 1549200207, 1549198016, 1549197920, 1549192427, 1549192160, 1549189483, 1549179461, 1549159865]
[1549151331, 1549131927, 1549130659, 1549126413, 1549125208, 1549119906, 1549117388, 1549097543, 1549083770, 1549078429, 1549077341, 1549072230, 1549048601, 1549046268, 1549036705, 1549026249, 1549024452, 1549023887, 1549023556, 1549018477]
[1549014966, 1549014335, 1549010610, 1549008368, 1549002668, 1548997266, 1548947777, 1548947022, 1548946945, 1548944243, 1548940811, 1548937234, 1548935963, 1548920496, 1548899975, 1548872273, 1548872053, 1548857946, 1548855476, 1548855237]
[1548855195, 1548850600, 1548845678, 1548838873, 1548836421, 1548834400, 1548830932, 1548819666, 1548815520, 1548791346, 1548782876, 1548781516, 1548776372, 1548775450, 1548773026, 1548755857, 1548755811, 1548753803, 1548750943, 1548748272]
[1548743056, 1548742826, 1548742651, 1548739408, 1548738859, 1548731776, 1548727952, 1548727605, 1548723473, 1548715329, 1548704848, 1548702033, 1548699375, 1548695996, 1548693582, 1548692905, 1548692436, 1548656429, 1548632296, 1548609026]
[1548606227, 1548571575, 1548551885, 1548528276, 1548516689, 1548512130, 1548510041, 1548480052, 1548438628, 1548438484, 1548436698, 1548431916, 1548392669, 1548384292, 1548342058, 1548315947, 1548306837, 1548273763, 1548251922, 1548237291]
[1548229404, 1548214232, 1548212515, 1548192808, 1548179772, 1548156397, 1548153979, 1548151016, 1548143127, 1548140874, 1548119643, 1548113789, 1548104936, 1548093366, 1548075234, 1548070923, 1548047146, 1548002317, 1547995749, 1547956731]
[1547951408, 1547917995, 1547902171, 1547872382, 1547861331, 1547833168, 1547830281, 1547823647, 1547823235, 1547820730, 1547796732, 1547777330, 1547776956, 1547771160, 1547735411, 1547728253, 1547698257, 1547660982, 1547654564, 1547638854]
[1547620722, 1547605933, 1547604602, 1547570672, 1547566105, 1547563799, 1547559863, 1547559415, 1547556575, 1547551702, 1547551178, 1547491255, 1547468899, 1547426263, 1547381473, 1547377467, 1547373466, 1547350002, 1547310872, 1547291358]
[1547287374, 1547278056, 1547227680, 1547216807, 1547216391, 1547213528, 1547197163, 1547176586, 1547153216, 1547137636, 1547117125, 1547111719, 1547104692, 1547073686, 1547024840, 1547020288, 1547013397, 1547012179, 1546965876, 1546962656]
[1546957500, 1546954077, 1546941390, 1546940014, 1546939702, 1546909514, 1546890153, 1546886972, 1546880019, 1546878923, 1546877401, 1546876512, 1546847697, 1546812584, 1546806138, 1546799665, 1546795129, 1546786819, 1546777508, 1546775842]
[1546771721, 1546759585, 1546756202, 1546747161, 1546721526, 1546719426, 1546696617, 1546619931, 1546616658, 1546448305, 1546428975, 1546408821, 1546329057, 1546318661, 1546314578, 1546301578, 1546280188, 1546274096, 1546265554, 1546228881]
[1546220303, 1546215900, 1546214486, 1546186232, 1546183231, 1546182890, 1546181319, 1546173192, 1546171631, 1546170295, 1546170233, 1546169922, 1546167757, 1546167493, 1546167408, 1546166996, 1546164468, 1546161250, 1546156274, 1546151197]
[1546149480, 1546142198, 1546141500, 1546131826, 1546100616, 1546096175, 1546084037, 1546082753, 1546019806, 1546009608, 1546009564, 1546005390, 1545993594, 1545880162, 1545843362, 1545842645, 1545830623, 1545799946, 1545798162, 1545747751]
[1545734597, 1545723418, 1545666547, 1545658935, 1545657056, 1545650078, 1545636525, 1545631349, 1545623530, 1545621753, 1545611378, 1545584566, 1545567430, 1545561643, 1545561003, 1545557468, 1545556397, 1545555996, 1545547142, 1545547047]
[1545541701, 1545534271, 1545532115, 1545528340, 1545528260, 1545519087, 1545500834, 1545495326, 1545495261, 1545495166, 1545492841, 1545492821, 1545492731, 1545492217, 1545491455, 1545489637, 1545488881, 1545488094, 1545483102, 1545480769]
[1545477568, 1545473839, 1545473440, 1545472992, 1545465624, 1545464312, 1545464179, 1545464158, 1545460963, 1545460442, 1545459023, 1545458240, 1545457910, 1545457864, 1545456703, 1545455175, 1545454402, 1545453088, 1545452846, 1545452577]
[1545452480, 1545451797, 1545451406, 1545449348, 1545446511, 1545446493, 1545446460, 1545445956, 1545445297, 1545443739, 1545443506, 1545442658, 1545442408, 1545442302, 1545440699, 1545440356, 1545440093, 1545440092, 1545440013, 1545439409]
[1545439093, 1545438575, 1545437961, 1545437604, 1545437366, 1545436707, 1545436040, 1545434723, 1545434351, 1545431725, 1545430686, 1545427004, 1545423712, 1545419989, 1545416794, 1545415188, 1545414923, 1545414676, 1545414076, 1545413705]
[1545412156, 1545411584, 1545411505, 1545411430, 1545411314, 1545410855, 1545410725, 1545410330, 1545409809, 1545409713, 1545409636, 1545409540, 1545409513, 1545409386, 1545409367, 1545408742, 1545408335, 1545408295, 1545408292, 1545408277]
[1545408275, 1545408263, 1545408159, 1545408097]
