[1557366919, 1557363064, 1557325830, 1557323299, 1557319653, 1557319042, 1557316676, 1557298865, 1557293667, 1557287039, 1557283466, 1557282837, 1557282199, 1557276367, 1557248762, 1557244975, 1557243341, 1557242249, 1557242119, 1557235790]
[1557231914, 1557231567, 1557230388, 1557230275, 1557228624, 1557224969, 1557224500, 1557221705, 1557220148, 1557213376, 1557210690, 1557204414, 1557204367, 1557204045, 1557202277, 1557202157, 1557201703, 1557201541, 1557198022, 1557195377]
[1557193513, 1557191584, 1557190941, 1557189959, 1557189904, 1557187743, 1557187585, 1557187468, 1557186771, 1557185726, 1557185442, 1557185125, 1557184062, 1557184028, 1557183719, 1557181805, 1557181618, 1557181065, 1557174001, 1557171737]
[1557169958, 1557169317, 1557168809, 1557166930, 1557166681, 1557166295, 1557164376, 1557162538, 1557161749, 1557161439, 1557161384, 1557161327, 1557161264, 1557161210, 1557160839, 1557160814, 1557160714, 1557160697, 1557160603, 1557160506]
[1557160409, 1557160220, 1557159779, 1557159751, 1557159746, 1557159623, 1557159409, 1557159395, 1557159379, 1557159369, 1557159321, 1557159279, 1557159277, 1557159194, 1557159189, 1557159173, 1557159141, 1557159118, 1557159080, 1557158973]
[1557158968, 1557158951, 1557158921, 1557158872, 1557158818, 1557158799, 1557158753, 1557158733, 1557158717, 1557158649, 1557158619, 1557158600, 1557158521, 1557158487, 1557158476, 1557158469, 1557158439, 1557158423, 1557158176, 1557156633]
[1557156145, 1557155227, 1557153125, 1557151248, 1557150223, 1557149669, 1557148498, 1557144590, 1557143623, 1557142422, 1557140008, 1557132764, 1557131793, 1557125074, 1557107394, 1557106632, 1557103683, 1557103430, 1557095960, 1557079838]
[1557074373, 1557074078, 1557057961, 1557055580, 1557050847, 1557050424, 1557046118, 1557046081, 1557035575, 1556953117, 1556951575, 1556944819, 1556942005, 1556904080, 1556898364, 1556890590, 1556865537, 1556861582, 1556861217, 1556854483]
[1556854115, 1556847921, 1556816924, 1556814148, 1556804130, 1556776855, 1556775341, 1556758269, 1556754425, 1556703832, 1556639885, 1556633169, 1556558297, 1556552131, 1556550553, 1556550069, 1556528379, 1556457110, 1556424299, 1556285319]
[1556243593, 1556239493, 1556205159, 1556203926, 1556178466, 1556178439, 1556165361, 1556144113, 1556078740, 1556077775, 1556075392, 1556039567, 1556038989, 1556018713, 1556017058, 1556015385, 1556008176, 1555995814, 1555991141, 1555946770]
[1555901523, 1555898119, 1555825872, 1555791386, 1555675306, 1555663524, 1555659340, 1555616984, 1555610645, 1555596469, 1555590497, 1555578916, 1555577458, 1555557926, 1555538598, 1555518615, 1555515264, 1555467360, 1555438488, 1555428914]
[1555424588, 1555400957, 1555394807, 1555393848, 1555393570, 1555374413, 1555356307, 1555339099, 1555319898, 1555275360, 1555264128, 1555250187, 1555232327, 1555219679, 1555207290, 1555142757, 1555140793, 1555074012, 1555064492, 1555063858]
[1555016140, 1555000236, 1554999387, 1554980818, 1554980019, 1554951308, 1554942524, 1554942165, 1554941154, 1554936332, 1554908996, 1554908872, 1554903991, 1554902162, 1554875849, 1554874547, 1554872665, 1554871647, 1554864813, 1554864647]
[1554863360, 1554858247, 1554835389, 1554833564, 1554826482, 1554820625, 1554785892, 1554779979, 1554771967, 1554764888, 1554751990, 1554741709, 1554741453, 1554739916, 1554736685, 1554731727, 1554721760, 1554716775, 1554716634, 1554715168]
[1554713100, 1554713054, 1554712276, 1554704908, 1554698718, 1554697347, 1554696801, 1554695390, 1554693934, 1554692857, 1554691475, 1554690057, 1554689214, 1554684814, 1554684528, 1554682782, 1554678753, 1554671334, 1554657099, 1554656630]
[1554655447, 1554655436, 1554654764, 1554651383, 1554651204, 1554650343, 1554648540, 1554648536, 1554647676, 1554646494, 1554645593, 1554640891, 1554639500, 1554639302, 1554638819, 1554635406, 1554633662, 1554629910, 1554628089, 1554626926]
[1554623139, 1554623107, 1554621507, 1554620245, 1554619211, 1554617130, 1554617018, 1554616560, 1554615540, 1554615430, 1554615423, 1554615408, 1554614843, 1554614433, 1554612415, 1554610984, 1554610570, 1554609036, 1554608552, 1554606976]
[1554606085, 1554605517, 1554605223, 1554604123, 1554603950, 1554602718, 1554602027, 1554601726, 1554601572, 1554601149, 1554600697, 1554599948, 1554597466, 1554596174, 1554596161, 1554595730, 1554595257, 1554595170, 1554595122, 1554594905]
[1554594756, 1554594076, 1554591250, 1554590377, 1554588779, 1554588696, 1554579244, 1554577538, 1554577448, 1554575968, 1554575090, 1554574129, 1554573898, 1554573802, 1554573695, 1554573666, 1554573152, 1554573005, 1554572825, 1554572635]
[1554572581, 1554572335, 1554570544, 1554570347, 1554570129, 1554570099, 1554569739, 1554569539, 1554569515, 1554569352, 1554569232, 1554569105, 1554569103, 1554569101, 1554569027, 1554569019, 1554568900, 1554568900, 1554568855, 1554568825]
[1554568781, 1554568702, 1554568605, 1554568478, 1554568309, 1554568259, 1554568087, 1554568087, 1554567930, 1554567868, 1554567780, 1554567771, 1554567710, 1554567678, 1554567639, 1554567638, 1554567591, 1554567542, 1554567399, 1554567392]
[1554567288, 1554567267, 1554567257, 1554567253, 1554567251, 1554567192, 1554567180, 1554567173, 1554567140, 1554567101, 1554567064, 1554567062, 1554566964, 1554566962, 1554566928, 1554566883, 1554566881, 1554566845, 1554566835, 1554566794]
[1554566793, 1554566786, 1554566784, 1554566779, 1554566778, 1554566770, 1554566754, 1554566730, 1554566717, 1554566710, 1554566704, 1554566703, 1554566677, 1554566670, 1554566653, 1554566652, 1554566631, 1554566621, 1554566579, 1554566577]
[1554566554, 1554566539, 1554566523, 1554566516, 1554566515, 1554566494, 1554566474, 1554566466, 1554566437, 1554566429, 1554566095, 1554566079, 1554565932, 1554565379, 1554564123, 1554563702, 1554563181, 1554563144, 1554561597, 1554561383]
[1554559808, 1554557786, 1554556721, 1554556068, 1554555151, 1554553061, 1554552697, 1554551723, 1554551639, 1554550566, 1554548490, 1554546937, 1554544863, 1554540158, 1554538309, 1554534301, 1554533278, 1554528833, 1554528648, 1554526844]
[1554526709, 1554526671, 1554523933, 1554509178, 1554508046, 1554508019, 1554490709, 1554483461, 1554481632, 1554481099, 1554480700, 1554480554, 1554480335, 1554477484, 1554470045, 1554463861, 1554462236, 1554454371, 1554454365, 1554442415]
[1554439558, 1554439509, 1554432386, 1554432184, 1554426253, 1554424888, 1554423156, 1554390581, 1554380897, 1554377557, 1554369487, 1554364943, 1554363074, 1554358275, 1554355476, 1554350619, 1554344176, 1554336285, 1554328678, 1554314807]
[1554314683, 1554311243, 1554310850, 1554309564, 1554308234, 1554307715, 1554306010, 1554305981, 1554303065, 1554284796, 1554281005, 1554274712, 1554273657, 1554272253, 1554266008, 1554265169, 1554262389, 1554260410, 1554258023, 1554254582]
[1554249256, 1554234615, 1554216779, 1554214560, 1554199493, 1554183957, 1554179189, 1554176609, 1554174920, 1554170067, 1554136331, 1554126449, 1554122339, 1554097046, 1554091172, 1554091160, 1554088817, 1554052936, 1554051094, 1554051016]
[1554034269, 1554027858, 1553969768, 1553959614, 1553953746, 1553905624, 1553862570, 1553834459, 1553819925, 1553815795, 1553815021, 1553803229, 1553789474, 1553788522, 1553774657, 1553764750, 1553764566, 1553759808, 1553739745, 1553737433]
[1553706932, 1553697182, 1553685513, 1553668330, 1553667093, 1553624941, 1553618287, 1553609044, 1553605508, 1553577305, 1553574905, 1553563916, 1553556609, 1553544538, 1553527821, 1553491526, 1553483547, 1553475612, 1553448308, 1553441105]
[1553440438, 1553439407, 1553436787, 1553434696, 1553433069, 1553433005, 1553414320, 1553414301, 1553412362, 1553356742, 1553354613, 1553353131, 1553340570, 1553340230, 1553310687, 1553242652, 1553182049, 1553176555, 1553170251, 1553167126]
[1553156902, 1553156280, 1553153036, 1553134280, 1553134086, 1553078418, 1553057791, 1553010499, 1552936076, 1552936030, 1552925755, 1552925655, 1552915885, 1552895274, 1552883416, 1552842318, 1552813912, 1552813626, 1552811404, 1552757324]
[1552750957, 1552724594, 1552721590, 1552704779, 1552704000, 1552672727, 1552672233, 1552672046, 1552671588, 1552651762, 1552649519, 1552649446, 1552648666, 1552610381, 1552605792, 1552585082, 1552576281, 1552560561, 1552548372, 1552544546]
[1552540957, 1552536294, 1552534217, 1552493746, 1552474858, 1552462295, 1552459162, 1552447758, 1552436198, 1552434801, 1552411015, 1552408475, 1552407406, 1552390494, 1552388567, 1552380928, 1552373089, 1552366639, 1552366323, 1552360265]
[1552323075, 1552318858, 1552313317, 1552311961, 1552310682, 1552310002, 1552299741, 1552291341, 1552264913, 1552262220, 1552261852, 1552239153, 1552232638, 1552217153, 1552204861, 1552199276, 1552196427, 1552192708, 1552188464, 1552184460]
[1552155059, 1552152273, 1552150061, 1552145787, 1552133956, 1552131190, 1552128810, 1552125594, 1552121446, 1552117786, 1552110555, 1552093434, 1552091201, 1552063641, 1552063289, 1552062490, 1552062220, 1552061961, 1552058013, 1552054495]
[1552053720, 1552053422, 1552046383, 1552039480, 1552038600, 1552036077, 1552031671, 1552029941, 1552029799, 1552028571, 1552028005, 1552020233, 1552007979, 1552005672, 1552002384, 1551981136, 1551979125, 1551978930, 1551978721, 1551978706]
[1551978420, 1551969905, 1551968425, 1551965324, 1551964630, 1551963375, 1551960952, 1551960670, 1551959900, 1551958418, 1551957446, 1551957179, 1551954863, 1551954859, 1551954140, 1551953787, 1551953192, 1551953066, 1551952525, 1551952327]
[1551952254, 1551949832, 1551948000, 1551936379, 1551935335, 1551934285, 1551933226, 1551931295, 1551930512, 1551930358, 1551928298, 1551925316, 1551925116, 1551922543, 1551922085, 1551920956, 1551919078, 1551916673, 1551910172, 1551905126]
[1551904720, 1551897465, 1551895209, 1551894422, 1551891581, 1551891043, 1551890663, 1551889541, 1551889036, 1551888581, 1551888574, 1551888564, 1551888475, 1551888223, 1551888158, 1551888091, 1551887343, 1551886131, 1551884344, 1551883620]
[1551881185, 1551875976, 1551872213, 1551858811, 1551841182, 1551832975, 1551802143, 1551800581, 1551797929, 1551777687, 1551776234, 1551761845, 1551760797, 1551755212, 1551746952, 1551720999, 1551717166, 1551714429, 1551713918, 1551709870]
[1551699754, 1551698686, 1551690554, 1551682055, 1551679109, 1551668670, 1551666324, 1551664684, 1551627464, 1551609870, 1551608869, 1551607517, 1551605843, 1551593905, 1551589498, 1551587683, 1551581985, 1551572978, 1551559281, 1551550423]
[1551549275, 1551532227, 1551522120, 1551512447, 1551508655, 1551507869, 1551487985, 1551460447, 1551454916, 1551451549, 1551450125, 1551437818, 1551431483, 1551431163, 1551426284, 1551426126, 1551411525, 1551409109, 1551409061, 1551405853]
[1551379728, 1551369518, 1551368381, 1551365761, 1551339800, 1551324553, 1551324125, 1551317786, 1551280456, 1551269918, 1551269539, 1551264508, 1551260534, 1551260022, 1551258399, 1551240253, 1551235984, 1551230975, 1551225573, 1551195798]
[1551192378, 1551190279, 1551161965, 1551151144, 1551143319, 1551128875, 1551118954, 1551112196, 1551109415, 1551107536, 1551107305, 1551093749, 1551093671, 1551089625, 1551083733, 1551077531, 1551061846, 1551013392, 1551011108, 1551007997]
[1551002345, 1550998322, 1550982161, 1550974288, 1550971769, 1550947856, 1550944361, 1550924580, 1550913626, 1550906499, 1550905007, 1550904133, 1550899827, 1550893461, 1550891949, 1550889160, 1550886419, 1550848458, 1550845005, 1550839480]
[1550833989, 1550830277, 1550829992, 1550819496, 1550805887, 1550804878, 1550798515, 1550787623, 1550773853, 1550770506, 1550766622, 1550753889, 1550753694, 1550753670, 1550752219, 1550742191, 1550736970, 1550726294, 1550724597, 1550720560]
[1550718645, 1550669118, 1550668275, 1550667197, 1550661733, 1550655237, 1550643425, 1550642979, 1550634551, 1550631610, 1550630648, 1550622990, 1550622583, 1550606736, 1550597110, 1550596820, 1550594364, 1550592959, 1550591010, 1550586451]
[1550580106, 1550579429, 1550576160, 1550575174, 1550573502, 1550571085, 1550570725, 1550569954, 1550568071, 1550563629, 1550563178, 1550552080, 1550511626, 1550508043, 1550502348, 1550499692, 1550486459, 1550484296, 1550472179, 1550464664]
[1550458781, 1550457197, 1550417007, 1550415182, 1550413393, 1550411086, 1550407718, 1550404152, 1550404097, 1550401429, 1550396309, 1550395084, 1550394153, 1550393257, 1550392033, 1550386554, 1550384035, 1550378299, 1550370738, 1550369570]
[1550340629, 1550340064, 1550338330, 1550334118, 1550331580, 1550327782, 1550327534, 1550327338, 1550325700, 1550321849, 1550320667, 1550316376, 1550313171, 1550307481, 1550307182, 1550303322, 1550293597, 1550290674, 1550290399, 1550284930]
[1550279681, 1550278591, 1550270098, 1550262612, 1550259929, 1550257250, 1550254508, 1550248291, 1550246650, 1550245744, 1550238242, 1550235262, 1550216510, 1550213801, 1550207827, 1550204166, 1550201237, 1550193514, 1550178181, 1550164788]
[1550161509, 1550153530, 1550144594, 1550140110, 1550137296, 1550136676, 1550135551, 1550131453, 1550120399, 1550119969, 1550115292, 1550112197, 1550105029, 1550087247, 1550073341, 1550072817, 1550067118, 1550062489, 1550061531, 1550061025]
[1550058551, 1550053719, 1550051458, 1550049749, 1550045455, 1550043853, 1550034045, 1550032233, 1550027370, 1550022355, 1550022126, 1550021433, 1550020018, 1549994639, 1549984255, 1549979109, 1549978292, 1549976826, 1549973727, 1549973363]
[1549971875, 1549971348, 1549970824, 1549969966, 1549967464, 1549966766, 1549959778, 1549946950, 1549941534, 1549937033, 1549934325, 1549933256, 1549932488, 1549925526, 1549908584, 1549902717, 1549901616, 1549901226, 1549900499, 1549888812]
[1549887455, 1549886779, 1549884884, 1549883238, 1549882939, 1549882268, 1549881682, 1549880604, 1549878781, 1549878771, 1549871047, 1549869128, 1549868202, 1549867510, 1549867020, 1549863113, 1549857157, 1549855090, 1549854812, 1549854045]
[1549852939, 1549851440, 1549846198, 1549830768, 1549824823, 1549821785, 1549813522, 1549812305, 1549808854, 1549806457, 1549806352, 1549806256, 1549804262, 1549801696, 1549793987, 1549791806, 1549789922, 1549789278, 1549783081, 1549781192]
[1549778841, 1549777532, 1549774768, 1549771747, 1549762641, 1549759038, 1549757361, 1549740875, 1549737946, 1549731940, 1549731013, 1549729142, 1549728705, 1549728517, 1549728110, 1549727209, 1549711318, 1549711311, 1549709336, 1549707488]
[1549701454, 1549696160, 1549692355, 1549691003, 1549689168, 1549688760, 1549686246, 1549684730, 1549683848, 1549683814, 1549676261, 1549653531, 1549652426, 1549651867, 1549651227, 1549650976, 1549648840, 1549648579, 1549644751, 1549644151]
[1549644001, 1549643292, 1549642123, 1549642002, 1549641699, 1549641497, 1549641496, 1549641090, 1549637027, 1549636816, 1549635261, 1549634947, 1549632410, 1549630086, 1549629211, 1549627237, 1549627113, 1549625264, 1549623878, 1549623787]
[1549622813, 1549620447, 1549619883, 1549619750, 1549613933, 1549613109, 1549611640, 1549611528, 1549610907, 1549609826, 1549608070, 1549605817, 1549605432, 1549603014, 1549602185, 1549601354, 1549599190, 1549598849, 1549597854, 1549595794]
[1549595772, 1549595416, 1549595159, 1549594315, 1549592581, 1549590284, 1549589012, 1549588391, 1549588201, 1549587659, 1549574863, 1549566964, 1549566048, 1549560836, 1549558611, 1549558277, 1549555886, 1549555622, 1549555292, 1549554757]
[1549554710, 1549554595, 1549554501, 1549554462, 1549554344, 1549554157, 1549553741, 1549552165, 1549552026, 1549551812, 1549551752, 1549550465, 1549549062, 1549548001, 1549547671, 1549547296, 1549547100, 1549546998, 1549545671, 1549545096]
[1549545013, 1549544364, 1549538792, 1549538138, 1549535273, 1549535088, 1549534581, 1549533344, 1549533339, 1549533271, 1549531931, 1549531070, 1549531002, 1549530789, 1549530476, 1549529849, 1549529011, 1549526450, 1549524290, 1549522664]
[1549522171, 1549521342, 1549520853, 1549520663, 1549519995, 1549517882, 1549516903, 1549516326, 1549515248, 1549515165, 1549513908, 1549513106, 1549511321, 1549511208, 1549511167, 1549511048, 1549510990, 1549509983, 1549509756, 1549509496]
[1549509457, 1549509265, 1549509024, 1549508744, 1549508093, 1549507917, 1549507776, 1549506544, 1549506511, 1549505583, 1549504979, 1549504504, 1549504347, 1549503639, 1549503463, 1549502631, 1549502266, 1549501381, 1549500840, 1549499451]
[1549498717, 1549498689, 1549498541, 1549496663, 1549496527, 1549494656, 1549494485, 1549494186, 1549493658, 1549485883, 1549485112, 1549484034, 1549482428, 1549480386, 1549479589, 1549479330, 1549479270, 1549479030, 1549478374, 1549477345]
[1549477340, 1549477328, 1549475192, 1549474976, 1549474151, 1549473754, 1549473694, 1549473629, 1549473402, 1549473394, 1549473272, 1549473258, 1549473116, 1549473024, 1549472813, 1549472750, 1549472721, 1549472603, 1549472499, 1549472495]
[1549472313, 1549471874, 1549471848, 1549471422, 1549470988, 1549470956, 1549470778, 1549470569, 1549470519, 1549470346, 1549470330, 1549470270, 1549469951, 1549469943, 1549469848, 1549469795, 1549469795, 1549469761, 1549469582, 1549469581]
[1549469566, 1549469544, 1549469424, 1549469326, 1549469090, 1549468977, 1549468917, 1549468900, 1549468244, 1549464285, 1549463993, 1549461410, 1549460963, 1549459059, 1549455595, 1549454853, 1549450338, 1549447936, 1549447637, 1549430925]
[1549428096, 1549425094, 1549424880, 1549421901, 1549419661, 1549418396, 1549417919, 1549417919, 1549388731, 1549386482, 1549385608, 1549383713, 1549381809, 1549381138, 1549375525, 1549374941, 1549371156, 1549367392, 1549366943, 1549366499]
[1549361301, 1549359979, 1549359923, 1549343629, 1549341974, 1549340858, 1549340523, 1549339699, 1549338058, 1549332799, 1549331479, 1549330468, 1549327198, 1549306043, 1549299622, 1549299524, 1549298520, 1549295477, 1549294957, 1549294528]
[1549292668, 1549289279, 1549287782, 1549287741, 1549272873, 1549270024, 1549263064, 1549262535, 1549260909, 1549260521, 1549259554, 1549259482, 1549258598, 1549258546, 1549258420, 1549257081, 1549257005, 1549254892, 1549251572, 1549250995]
[1549250885, 1549250162, 1549241818, 1549219718, 1549211701, 1549210647, 1549210605, 1549210586, 1549210417, 1549210198, 1549210175, 1549210062, 1549209962, 1549209959, 1549209933, 1549209637, 1549209629, 1549209585, 1549209540, 1549209389]
[1549209334, 1549209182, 1549209181, 1549207714, 1549207389, 1549206715, 1549205822, 1549200038, 1549197493, 1549197293, 1549197111, 1549194798, 1549194243, 1549194086, 1549191438, 1549190876, 1549190088, 1549188322, 1549188183, 1549188091]
[1549187770, 1549187639, 1549184125, 1549183637, 1549183491, 1549182381, 1549182163, 1549181682, 1549181431, 1549181312, 1549180695, 1549180517, 1549176938, 1549176439, 1549176096, 1549175829, 1549175666, 1549174647, 1549174192, 1549171026]
[1549170601, 1549170567, 1549169701, 1549169639, 1549169553, 1549169161, 1549168897, 1549167914, 1549167406, 1549164393, 1549162352, 1549162047, 1549161317, 1549160213, 1549159195, 1549159180, 1549158899, 1549158892, 1549158712, 1549158547]
[1549158435, 1549158095, 1549157529, 1549157359, 1549156599, 1549156034, 1549156012, 1549155254, 1549153481, 1549153114, 1549152817, 1549145826, 1549143370, 1549139660, 1549139117, 1549137781, 1549136783, 1549135096, 1549131998, 1549131921]
[1549131519, 1549129900, 1549129056, 1549128751, 1549128197, 1549127978, 1549127090, 1549126820, 1549125551, 1549125026, 1549124622, 1549124589, 1549124465, 1549123993, 1549123742, 1549123736, 1549123703, 1549123203, 1549123156, 1549122937]
[1549122917, 1549122799, 1549122753, 1549122669, 1549122522, 1549122200, 1549122034, 1549121669, 1549121605, 1549121576, 1549121269, 1549120975, 1549120936, 1549120610, 1549120237, 1549120121, 1549119598, 1549118981, 1549118686, 1549118485]
[1549117454, 1549117141, 1549117133, 1549116905, 1549116860, 1549116078, 1549114868, 1549113766, 1549113548, 1549113540, 1549113376, 1549113011, 1549112738, 1549112017, 1549111939, 1549109848, 1549109747, 1549109677, 1549109379, 1549107489]
[1549107105, 1549107068, 1549105379, 1549105352, 1549105019, 1549104710, 1549104462, 1549104130, 1549104014, 1549102928, 1549101602, 1549101245, 1549101201, 1549100721, 1549100080, 1549099680, 1549099063, 1549099014, 1549098810, 1549098339]
[1549098182, 1549097857, 1549097807, 1549097606, 1549097503, 1549097438, 1549097301, 1549097135, 1549097014, 1549096771, 1549096532, 1549095886, 1549095823, 1549095636, 1549095627, 1549095253, 1549094215, 1549094079, 1549093278, 1549093128]
[1549092371, 1549091951, 1549091267, 1549090767, 1549090510, 1549090371, 1549090189, 1549089745, 1549089657, 1549089375, 1549089333, 1549089315, 1549088895, 1549088780, 1549088779, 1549088539, 1549088344, 1549087980, 1549087971, 1549087859]
[1549087545, 1549087383, 1549087299, 1549087219, 1549086842, 1549086766, 1549086666, 1549086494, 1549086440, 1549086183, 1549086096, 1549085950, 1549085860, 1549085411, 1549084922, 1549084654, 1549084455, 1549084194, 1549084048, 1549083516]
[1549083486, 1549083227, 1549083023, 1549083005, 1549082614, 1549082425, 1549082366, 1549082336, 1549082184, 1549081162, 1549081104, 1549081080, 1549080700, 1549080348, 1549080314, 1549080154, 1549080058, 1549079964, 1549079951, 1549079528]
[1549079464, 1549079387, 1549079130, 1549079041, 1549078786, 1549078346, 1549078322, 1549077418, 1549077415, 1549077244, 1549077158, 1549076791, 1549076694, 1549076631, 1549076624, 1549076606, 1549076053, 1549076034, 1549075469, 1549075463]
[1549075308, 1549075212, 1549075154, 1549075150, 1549074246, 1549074067, 1549073711, 1549073404, 1549073116, 1549073096, 1549072944, 1549072799, 1549072747, 1549072427, 1549072112, 1549071411, 1549070845, 1549069772, 1549069404, 1549068787]
[1549068723, 1549068328, 1549067749, 1549067038, 1549065038, 1549064849, 1549064243, 1549063196, 1549062299, 1549061812, 1549060042, 1549056121, 1549054848, 1549050319, 1549049082, 1549047499, 1549047422, 1549047311, 1549045421, 1549043319]
[1549043226, 1549042883, 1549042518, 1549042495, 1549042070, 1549041991, 1549041253, 1549041207, 1549041086, 1549040593, 1549039165, 1549038872, 1549038289, 1549038044, 1549038015, 1549037999, 1549037957, 1549037672, 1549037666, 1549037657]
[1549037438, 1549037127, 1549036980, 1549036619, 1549036431, 1549035905, 1549034920, 1549034829, 1549034587, 1549034323, 1549034305, 1549033176, 1549032718, 1549032332, 1549031622, 1549031001, 1549030648, 1549030451, 1549030247, 1549029646]
[1549029444, 1549029436, 1549028387, 1549028370, 1549028366, 1549028355, 1549028102, 1549028023, 1549027494, 1549026938, 1549026825, 1549026822, 1549026547, 1549026534, 1549026057, 1549026025, 1549025430, 1549025305, 1549024774, 1549024478]
[1549024189, 1549024180, 1549023963, 1549023522, 1549022833, 1549022831, 1549022078, 1549021999, 1549021704, 1549021566, 1549021328, 1549021324, 1549021184, 1549020629, 1549020586, 1549020120, 1549019298, 1549019133, 1549018910, 1549018895]
[1549018805, 1549018429, 1549018418, 1549018411, 1549018266, 1549018240, 1549018147, 1549017599, 1549017505, 1549017385, 1549017377, 1549016883, 1549016553, 1549016458, 1549016407, 1549016043, 1549016034, 1549015161, 1549014463, 1549014148]
[1549014085, 1549013655, 1549013573, 1549013554, 1549013529, 1549013356, 1549013279, 1549012466, 1549012427, 1549012323, 1549012264, 1549012226, 1549012137, 1549012087, 1549012031, 1549011988, 1549011606, 1549011591, 1549011468, 1549011406]
[1549011347, 1549010900, 1549010662, 1549010526, 1549010401, 1549010317, 1549010246, 1549010239, 1549010131, 1549010088, 1549009801, 1549009660, 1549009540, 1549009531, 1549009505, 1549009416, 1549009328, 1549009252, 1549008878, 1549008801]
[1549008679, 1549008568, 1549008411, 1549008248, 1549008145, 1549008140, 1549008124, 1549008095, 1549007648, 1549007640, 1549007571, 1549007459, 1549007392, 1549007219, 1549007159, 1549007033, 1549007022, 1549006984, 1549006975, 1549006958]
[1549006878, 1549006758, 1549006704, 1549006685, 1549006637, 1549006620, 1549006588, 1549006536, 1549006341, 1549006339, 1549006270, 1549005919, 1549005906, 1549005835, 1549005814, 1549005735, 1549005679, 1549005632, 1549005618, 1549005545]
[1549005540, 1549005452, 1549005430, 1549005268, 1549005189, 1549005188, 1549005115, 1549005068, 1549005035, 1549004980, 1549004932, 1549004876, 1549004870, 1549004863, 1549004547, 1549004491, 1549004418, 1549004057, 1549003923, 1549003864]
[1549003841, 1549003840, 1549003827, 1549003743, 1549003715, 1549002886, 1549002717, 1549002281]
