[1557333173, 1557322736, 1557298682, 1557069428, 1557059103, 1557053254, 1557045724, 1557023440, 1556989096, 1556985379, 1556905726, 1556899252, 1556852481, 1556814070, 1556804544, 1556687326, 1556680942, 1556641759, 1556640483, 1556615315]
[1556535472, 1556470203, 1556468332, 1556456457, 1556342811, 1556154259, 1556143201, 1556023829, 1555921624, 1555900992, 1555823171, 1555727482, 1555696475, 1555589954, 1555497912, 1555467019, 1555434271, 1555430904, 1555395936, 1555232925]
[1555207559, 1555122023, 1554970407, 1554940266, 1554890322, 1554799144, 1554632031, 1554513068, 1554483494, 1554470904, 1554305920, 1554269007, 1554246927, 1554206322, 1554197016, 1554003191, 1553922029, 1553763331, 1553748656, 1553745552]
[1553732635, 1553667710, 1553663674, 1553614262, 1553601790, 1553597106, 1553530515, 1553440689, 1553397231, 1553370362, 1553356887, 1553316022, 1553309810, 1553278058, 1553189310, 1553182189, 1553181214, 1553178031, 1553177986, 1553176899]
[1553163001, 1553144090, 1553131292, 1553090628, 1553086020, 1553082108, 1553058929, 1553057055, 1553052479, 1553051638, 1553045453, 1553039289, 1553033227, 1553011775, 1553005940, 1552988968, 1552971498, 1552920626, 1552903428, 1552835609]
[1552824583, 1552822972, 1552821267, 1552810349, 1552809070, 1552804253, 1552796034, 1552786964, 1552754185, 1552744018, 1552714807, 1552714185, 1552710705, 1552699653, 1552697841, 1552694726, 1552694593, 1552673730, 1552653616, 1552652906]
[1552647213, 1552645597, 1552639779, 1552621007, 1552619346, 1552618102, 1552612357, 1552606633, 1552580926, 1552572024, 1552563264, 1552548483, 1552539334, 1552538460, 1552535617, 1552533255, 1552528707, 1552524874, 1552523595, 1552499328]
[1552499034, 1552491071, 1552476200, 1552473511, 1552458036, 1552453009, 1552408327, 1552388738, 1552388138, 1552387019, 1552364966, 1552321674, 1552319326, 1552318539, 1552310550, 1552302007, 1552287889, 1552285864, 1552281228, 1552278476]
[1552276354, 1552270285, 1552268612, 1552266051, 1552263968, 1552263239, 1552235478, 1552235067, 1552235051, 1552233939, 1552232945, 1552232779, 1552232661, 1552231936, 1552228942, 1552228917, 1552228252, 1552226792, 1552226713, 1552226521]
[1552224800, 1552224212, 1552223411, 1552222952, 1552220664, 1552220555, 1552220295, 1552219889, 1552219544, 1552218689, 1552218185, 1552216848, 1552213171, 1552211476, 1552211473, 1552211300, 1552211294, 1552211222, 1552210778, 1552209749]
[1552208830, 1552208445, 1552207825, 1552207113, 1552206654, 1552206129, 1552204846, 1552204427, 1552203333, 1552203144, 1552202501, 1552201696, 1552200869, 1552198935, 1552198888, 1552198774, 1552198332, 1552197642, 1552197576, 1552197434]
[1552196863, 1552196354, 1552196182, 1552195348, 1552194734, 1552194061, 1552194059, 1552193750, 1552193706, 1552193561, 1552193118, 1552193067, 1552192744, 1552192741, 1552192678, 1552192567, 1552192407, 1552192292, 1552191597, 1552191372]
[1552190823, 1552190209, 1552189357, 1552189141, 1552188262, 1552187914, 1552187184, 1552186910, 1552186840, 1552186688, 1552185941, 1552185620, 1552185549, 1552185254, 1552184563, 1552183967, 1552183894, 1552183151, 1552182710, 1552182691]
[1552182486, 1552182104, 1552181977, 1552181962, 1552181814, 1552181779, 1552181557, 1552180917, 1552179852, 1552179730, 1552179575, 1552178973, 1552178863, 1552178412, 1552178309, 1552178230, 1552178222, 1552177997, 1552177752, 1552177427]
[1552177374, 1552177278, 1552177161, 1552176863, 1552176739, 1552176661, 1552176561, 1552176558, 1552176510, 1552176472, 1552176452, 1552176209, 1552175889, 1552175290, 1552175283, 1552175109, 1552175049, 1552174792, 1552174417, 1552173981]
[1552173533, 1552173282, 1552172499, 1552172112, 1552171559, 1552171434, 1552171361, 1552170870, 1552170863, 1552169998, 1552168528, 1552168435, 1552168349, 1552164528, 1552159015, 1552158984, 1552156129, 1552155391, 1552155221, 1552155086]
[1552154746, 1552154449, 1552153526, 1552153279, 1552153185, 1552152553, 1552152475, 1552152388, 1552152345, 1552152074, 1552152061, 1552151990, 1552151893, 1552151605, 1552151559, 1552151240, 1552151199, 1552151050, 1552150979, 1552150887]
[1552150869, 1552150856, 1552150833, 1552150822, 1552150798, 1552150780, 1552150693, 1552150684, 1552150639, 1552150600, 1552150511, 1552150442, 1552150397, 1552150347, 1552150169, 1552150162, 1552149954, 1552149714, 1552149662, 1552149619]
[1552149608, 1552149565, 1552149488, 1552149474, 1552149464, 1552149453, 1552149453, 1552149441, 1552149423, 1552149397, 1552149384, 1552149369, 1552149329, 1552149191, 1552149149, 1552149132, 1552149123, 1552149116, 1552149109, 1552149102]
[1552149101, 1552149069, 1552149047, 1552149020, 1552149009, 1552148988, 1552148983, 1552148949, 1552148903, 1552148884, 1552148858, 1552148856, 1552148849, 1552148770, 1552148724, 1552148719, 1552148683, 1552148660, 1552148645, 1552148645]
[1552148639, 1552148630, 1552148490, 1552148488, 1552148432, 1552148415, 1552148407, 1552148398, 1552148368, 1552148275, 1552148186, 1552148096, 1552148082, 1552148072, 1552147931, 1552147913, 1552147863, 1552147842, 1552147819, 1552147819]
[1552147788, 1552147785, 1552147743, 1552147720, 1552147719, 1552147682, 1552147629, 1552147619, 1552147616, 1552147582, 1552147580, 1552147566, 1552147560, 1552147554, 1552147552, 1552147529, 1552147513, 1552147489, 1552147468, 1552147462]
[1552147460, 1552147455, 1552147453, 1552147450, 1552147446, 1552147442, 1552147437, 1552147425, 1552147402, 1552147387, 1552147364, 1552147362, 1552147361, 1552147360, 1552147350, 1552147346, 1552147335, 1552147335, 1552147326]
