[1557247663, 1557226250, 1557218587, 1557165409, 1557158863, 1557155456, 1557146766, 1557133100, 1557129838, 1557123134, 1557117812, 1557104992, 1557051718, 1557046549, 1557045577, 1557039198, 1557018053, 1556985302, 1556984356, 1556970079]
[1556938059, 1556929624, 1556907032, 1556902507, 1556878915, 1556852633, 1556815533, 1556812661, 1556803627, 1556801037, 1556794343, 1556793327, 1556779825, 1556779026, 1556778874, 1556775086, 1556768728, 1556766365, 1556763543, 1556763304]
[1556758350, 1556756720, 1556756519, 1556755499, 1556753253, 1556753096, 1556752729, 1556752725, 1556735233, 1556730140, 1556729887, 1556729443, 1556729084, 1556728883, 1556727550, 1556727403, 1556727333, 1556727319, 1556727319, 1556727128]
[1556727057, 1556727023, 1556726982, 1556725060, 1556721498, 1556644608, 1556552569, 1556497470, 1556471891, 1556431293, 1556378610, 1556356496, 1556354195, 1556354179, 1556292133, 1556190305, 1556143583, 1555945504, 1555914426, 1555905342]
[1555827490, 1555774665, 1555757356, 1555755115, 1555690796, 1555681647, 1555647290, 1555638264, 1555587026, 1555562684, 1555561920, 1555558446, 1555440882, 1555440589, 1555392172, 1555388648, 1555349112, 1555295576, 1555294430, 1555248853]
[1555247694, 1555178034, 1555172459, 1555167489, 1555162532, 1555149220, 1555090543, 1555064927, 1555063875, 1555057926, 1555006087, 1555002295, 1554998685, 1554959997, 1554952634, 1554948792, 1554945024, 1554939118, 1554907163, 1554906156]
[1554861844, 1554860189, 1554856628, 1554854467, 1554836252, 1554823672, 1554818665, 1554788620, 1554772703, 1554741763, 1554741236, 1554737604, 1554734750, 1554731225, 1554726719, 1554717688, 1554710345, 1554692387, 1554688520, 1554686480]
[1554683500, 1554660298, 1554646344, 1554643888, 1554643781, 1554643103, 1554639099, 1554624436, 1554624160, 1554623519, 1554615774, 1554614789, 1554611556, 1554609256, 1554604633, 1554598865, 1554571973, 1554570548, 1554566394, 1554564406]
[1554563785, 1554559557, 1554559491, 1554559239, 1554557817, 1554557090, 1554551552, 1554547954, 1554547536, 1554545759, 1554545694, 1554545231, 1554545110, 1554544624, 1554540689, 1554540379, 1554529190, 1554527238, 1554524101, 1554521206]
[1554520701, 1554520593, 1554517994, 1554514465, 1554512914, 1554511259, 1554508846, 1554506719, 1554505831, 1554505813, 1554491606, 1554487945, 1554487164, 1554485301, 1554483810, 1554483789, 1554482466, 1554482098, 1554481182, 1554480931]
[1554480729, 1554480571, 1554480557, 1554480413, 1554476967, 1554467467, 1554462693, 1554461930, 1554459756, 1554444494, 1554437187, 1554389843, 1554388699, 1554375604, 1554342167, 1554338400, 1554301219, 1554291356, 1554289364, 1554278644]
[1554257668, 1554224126, 1554220996, 1554217694, 1554201004, 1554180005, 1554172617, 1554165374, 1554159359, 1554139873, 1554132854, 1554131931, 1554060137, 1553975132, 1553960901, 1553938747, 1553933645, 1553916543, 1553868516, 1553840490]
[1553832503, 1553831817, 1553805945, 1553796777, 1553710405, 1553689659, 1553673622, 1553562458, 1553483795, 1553480859, 1553455550, 1553422112, 1553401429, 1553351953, 1553330478, 1553327978, 1553326303, 1553326044, 1553315283, 1553193369]
[1553183734, 1553172258, 1553088567, 1553056145, 1553010976, 1552910339, 1552840354, 1552830271, 1552787486, 1552750399, 1552747031, 1552738015, 1552702838, 1552666768, 1552631240, 1552574300, 1552574211, 1552567223, 1552563636, 1552539273]
[1552507178, 1552407660, 1552407309, 1552385884, 1552382374, 1552366968, 1552358776, 1552329089, 1552323658, 1552316435, 1552309638, 1552287647, 1552271089, 1552265225, 1552238092, 1552236733, 1552236611, 1552233408, 1552229547, 1552218918]
[1552212910, 1552210236, 1552194730, 1552191144, 1552184368, 1552182372, 1552180881, 1552180681, 1552173851, 1552152255, 1552149829, 1552132542, 1552126135, 1552121375, 1552115875, 1552112470, 1552110104, 1552107958, 1552103348, 1552095164]
[1552089987, 1552059403, 1552055938, 1552055362, 1552051310, 1552049849, 1552040045, 1552036948, 1552030774, 1552020196, 1551979839, 1551977294, 1551976388, 1551969900, 1551969290, 1551968847, 1551963944, 1551959813, 1551956440, 1551954957]
[1551954616, 1551948416, 1551946052, 1551944394, 1551937266, 1551932420, 1551925905, 1551923156, 1551922680, 1551920482, 1551919967, 1551918915, 1551918733, 1551918561, 1551918490, 1551918059, 1551917492, 1551906600, 1551901079, 1551890898]
[1551890224, 1551888141, 1551888069, 1551886197, 1551886100, 1551884820, 1551883386, 1551879991, 1551879514, 1551878935, 1551878710, 1551877312, 1551875752, 1551874350, 1551874245, 1551873341, 1551872496, 1551871078, 1551866027, 1551865432]
[1551864537, 1551864175, 1551864159, 1551864153, 1551859551, 1551857790, 1551855080, 1551854354, 1551854215, 1551852038, 1551851870, 1551850805, 1551847816, 1551847761, 1551847192, 1551847046, 1551846464, 1551846033, 1551844498, 1551842352]
[1551842228, 1551841074, 1551840039, 1551839298, 1551838925, 1551836349, 1551836320, 1551836121, 1551835311, 1551834861, 1551834425, 1551834149, 1551833887, 1551832695, 1551832620, 1551831851, 1551831684, 1551831273, 1551830688, 1551829613]
[1551828886, 1551828523, 1551828041, 1551827142, 1551825630, 1551810993, 1551809602, 1551807566, 1551807506, 1551806255, 1551805418, 1551805290, 1551804921, 1551804686, 1551804001, 1551803971, 1551803903, 1551803189, 1551803131, 1551802922]
[1551802414, 1551802351, 1551802151, 1551802141, 1551802028, 1551800202, 1551798435, 1551795005, 1551794815, 1551757372, 1551756638, 1551750312, 1551728561, 1551697283, 1551623171, 1551592916, 1551591371, 1551590535, 1551580093, 1551547785]
[1551545888, 1551539711, 1551531251, 1551531200, 1551530106, 1551527438, 1551492488, 1551485041, 1551465790, 1551426833, 1551410796, 1551372086, 1551370700, 1551363995, 1551352279, 1551328695, 1551328514, 1551276754, 1551245198, 1551242736]
[1551205671, 1551197621, 1551189226, 1551176488, 1551170667, 1551128875, 1551031602, 1551023591, 1551022573, 1550995418, 1550982775, 1550931036, 1550905680, 1550903360, 1550902453, 1550882079, 1550857317, 1550848515, 1550846159, 1550830073]
[1550823607, 1550819087, 1550808564, 1550748754, 1550744873, 1550735564, 1550683020, 1550674708, 1550672738, 1550672678, 1550671996, 1550663417, 1550639879, 1550602262, 1550579216, 1550577560, 1550551198, 1550506011, 1550472515, 1550467638]
[1550460972, 1550454882, 1550440205, 1550421441, 1550407837, 1550382760, 1550342200, 1550329287, 1550322090, 1550295853, 1550295591, 1550291253, 1550284221, 1550242730, 1550231275, 1550153490, 1550151743, 1550146765, 1550132142, 1550132103]
[1550130386, 1550126449, 1550115856, 1550107894, 1550107704, 1550082970, 1550081386, 1550080390, 1550052798, 1550040034, 1550029301, 1549991965, 1549984333, 1549975952, 1549964222, 1549950665, 1549946032, 1549907908, 1549905063, 1549902238]
[1549898431, 1549890625, 1549874182, 1549864286, 1549854405, 1549849287, 1549846132, 1549814494, 1549813468, 1549811353, 1549804091, 1549801066, 1549796705, 1549796097, 1549780415, 1549770128, 1549757703, 1549740013, 1549736989, 1549733094]
[1549729198, 1549728565, 1549727664, 1549712305, 1549704517, 1549699005, 1549697887, 1549691532, 1549683068, 1549679572, 1549659296, 1549655255, 1549654091, 1549643855, 1549643412, 1549642268, 1549640676, 1549640518, 1549639705, 1549636258]
[1549635370, 1549633429, 1549632748, 1549625809, 1549623158, 1549617666, 1549616355, 1549608389, 1549608385, 1549604905, 1549592872, 1549592635, 1549583865, 1549551876, 1549550968, 1549549924, 1549549646, 1549549537, 1549547631, 1549540412]
[1549534094, 1549534056, 1549533824, 1549532111, 1549527897, 1549526471, 1549526356, 1549526256, 1549523370, 1549520078, 1549517289, 1549516954, 1549514394, 1549513054, 1549508981, 1549506730, 1549505752, 1549497093, 1549496257, 1549480835]
[1549479610, 1549479055, 1549478783, 1549476399, 1549474841, 1549474814, 1549474620, 1549471704, 1549471215, 1549470963, 1549469516, 1549469495, 1549469186, 1549469177, 1549469094, 1549468998, 1549468880, 1549468781, 1549468742, 1549468535]
[1549468490, 1549468011, 1549467792, 1549467775, 1549467486, 1549466350, 1549465872, 1549464103, 1549464086, 1549463748, 1549463598, 1549462813, 1549461085, 1549458712, 1549458696, 1549458370, 1549458342, 1549458237, 1549458137, 1549457214]
[1549455617, 1549453971, 1549453311, 1549452776, 1549452588, 1549452274, 1549450879, 1549450315, 1549449388, 1549446841, 1549445807, 1549445286, 1549445086, 1549444996, 1549444588, 1549444489, 1549444432, 1549443512, 1549443484, 1549442009]
[1549441227, 1549440100, 1549440035, 1549439660, 1549435926, 1549435741, 1549435564, 1549435363, 1549434249, 1549434149, 1549433411, 1549432598, 1549430914, 1549430122, 1549429767, 1549429273, 1549428648, 1549428626, 1549428429, 1549428422]
[1549428258, 1549428195, 1549427388, 1549427069, 1549426157, 1549425741, 1549424011, 1549422469, 1549420900, 1549420614, 1549420587, 1549420159, 1549418941, 1549418871, 1549418743, 1549416425, 1549416224, 1549415946, 1549415258, 1549415025]
[1549413601, 1549408222, 1549403468, 1549402178, 1549401046, 1549400613, 1549399285, 1549394592, 1549392748, 1549391727, 1549391585, 1549391542, 1549390342, 1549390288, 1549390116, 1549388334, 1549387564, 1549386872, 1549386545, 1549386313]
[1549385925, 1549385425, 1549385415, 1549384883, 1549384829, 1549384580, 1549384536, 1549384483, 1549384215, 1549384152, 1549384144, 1549383510, 1549383316, 1549383227, 1549383040, 1549382958, 1549382923, 1549382923, 1549382891, 1549382794]
[1549382765, 1549382627, 1549382588, 1549382541, 1549382477, 1549381789, 1549380439, 1549376865, 1549372895, 1549371074, 1549354102, 1549331274, 1549331088, 1549306746, 1549306602, 1549297508, 1549293312, 1549271970, 1549271841, 1549271810]
[1549270373, 1549265399, 1549260924, 1549247166, 1549221334, 1549219143, 1549216900, 1549188888, 1549186094, 1549181856, 1549171642, 1549168661, 1549136878, 1549097332, 1549094152, 1549086614, 1549083095, 1549079491, 1549072789, 1549042602]
[1549036212, 1549006697, 1548995616, 1548986692, 1548971560, 1548970446, 1548967134, 1548947339, 1548947325, 1548943311, 1548943199, 1548940878, 1548934959, 1548916108, 1548911778, 1548907537, 1548906813, 1548897928, 1548862594, 1548858747]
[1548841372, 1548828018, 1548827258, 1548817357, 1548779017, 1548767839, 1548728592, 1548720231, 1548693377, 1548685498, 1548648214, 1548572506, 1548572053, 1548564653, 1548520795, 1548509701, 1548506716, 1548497473, 1548469912, 1548433072]
[1548429258, 1548383883, 1548382626, 1548342534, 1548266988, 1548262798, 1548252614, 1548152602, 1548151867, 1548084647, 1547999350, 1547976032, 1547923995, 1547921829, 1547907640, 1547895694, 1547823540, 1547788037, 1547776032, 1547769130]
[1547744094, 1547702732, 1547696652, 1547645266, 1547645127, 1547622594, 1547607658, 1547583481, 1547560050, 1547517432, 1547491894, 1547485042, 1547455098, 1547385806, 1547293126, 1547271902, 1547224453, 1547219750, 1547203641, 1547199030]
[1547192937, 1547184929, 1547160870, 1547105592, 1547094578, 1547079300, 1547050163, 1547047171, 1547032994, 1547028519, 1547020254, 1547020001, 1547015789, 1546947577, 1546905627, 1546877421, 1546874689, 1546849398, 1546828976, 1546828925]
[1546828082, 1546818104, 1546812110, 1546799465, 1546791183, 1546787240, 1546782700, 1546782651, 1546775752, 1546773806, 1546773643, 1546772729, 1546763849, 1546762461, 1546760884, 1546759518, 1546756506, 1546751844, 1546745189, 1546744850]
[1546743990, 1546743948, 1546741878, 1546739919, 1546736020, 1546733852, 1546733630, 1546733118, 1546731036, 1546718436, 1546717676, 1546713924, 1546713185, 1546712925, 1546711898, 1546710962, 1546709061, 1546708051, 1546707835, 1546707528]
[1546707277, 1546707132, 1546706855, 1546706785, 1546706457, 1546705418, 1546704984, 1546704946, 1546704903, 1546704576, 1546704501, 1546704404, 1546704374, 1546704255, 1546704047, 1546704045, 1546704035, 1546704032, 1546704024, 1546703913]
[1546703796, 1546703755, 1546702844, 1546702827, 1546702307, 1546702097, 1546702055, 1546701524, 1546699739, 1546699614, 1546699604, 1546699402, 1546699215, 1546698176, 1546697471, 1546697377, 1546695923, 1546695684, 1546695601, 1546695346]
[1546695297, 1546694215, 1546693395, 1546692520, 1546692504, 1546690885, 1546690521, 1546690121, 1546689053, 1546688141, 1546687885, 1546687648, 1546687097, 1546686589, 1546685453, 1546685321, 1546683521, 1546683011, 1546681783, 1546681753]
[1546681245, 1546680848, 1546677955, 1546677167, 1546676913, 1546674669, 1546673529, 1546673096, 1546672739, 1546671590, 1546670939, 1546670200, 1546668744, 1546668624, 1546667914, 1546666644, 1546666350, 1546666038, 1546665594, 1546665063]
[1546662801, 1546662229, 1546658042, 1546657446, 1546655414, 1546647475, 1546645153, 1546623721, 1546619124, 1546618804, 1546618431, 1546618418, 1546584429, 1546580017, 1546569288, 1546567887, 1546537090, 1546516331, 1546506496, 1546506311]
[1546503840, 1546442148, 1546438181, 1546431195, 1546413211, 1546353500, 1546349949, 1546346348, 1546341446, 1546329893, 1546328723, 1546322523, 1546322477, 1546321645, 1546321236, 1546283344, 1546278221, 1546276246, 1546269773, 1546265811]
[1546261578, 1546255819, 1546247502, 1546247004, 1546241466, 1546239081, 1546239067, 1546239041, 1546238732, 1546232865, 1546227911, 1546225440, 1546219830, 1546192987, 1546185739, 1546178842, 1546175979, 1546156916, 1546153630, 1546148493]
[1546107183, 1545993754, 1545964300, 1545933016, 1545923195, 1545912509, 1545830552, 1545825506, 1545738068, 1545722068, 1545678871, 1545665240, 1545574565, 1545570381, 1545557276, 1545503384, 1545453104, 1545453008, 1545392942, 1545304989]
[1545224709, 1545102126, 1545046518, 1544944466, 1544929396, 1544890695, 1544887282, 1544878119, 1544856512, 1544816998, 1544743603, 1544729825, 1544697300, 1544675205, 1544666248, 1544624817, 1544623681, 1544622975, 1544598301, 1544590494]
[1544577256, 1544549181, 1544542103, 1544535590, 1544532003, 1544505567, 1544497552, 1544481506, 1544458283, 1544457298, 1544446556, 1544444359, 1544419443, 1544417766, 1544378086, 1544366441, 1544361230, 1544285990, 1544281644, 1544278732]
[1544268645, 1544264972, 1544251167, 1544243336, 1544237121, 1544182702, 1544179039, 1544162680, 1544160229, 1544148015, 1544146324, 1544143601, 1544142313, 1544137385, 1544131949, 1544112031, 1544110933, 1544109679, 1544107075, 1544106453]
[1544104798, 1544101048, 1544093924, 1544090208, 1544076778, 1544073387, 1544071308, 1544071244, 1544068785, 1544068461, 1544068066, 1544066518, 1544066238, 1544065841, 1544065205, 1544062994, 1544053940, 1544053548, 1544030604, 1544029255]
[1544028199, 1544028044, 1544027100, 1544026381, 1544025629, 1543999137, 1543968463, 1543958238, 1543936037, 1543903857, 1543902114, 1543897575, 1543890508, 1543822580, 1543781037, 1543767631, 1543763394, 1543749845, 1543749025, 1543720546]
[1543719485, 1543713780, 1543667434, 1543653263, 1543652488, 1543648838, 1543631559, 1543600019, 1543584407, 1543572158, 1543572126, 1543544800, 1543493527, 1543484115, 1543474996, 1543471750, 1543461724, 1543427015, 1543421017, 1543410009]
[1543406095, 1543401029, 1543368031, 1543334758, 1543326050, 1543322859, 1543243100, 1543220665, 1543194146, 1543044235, 1542990887, 1542990868, 1542871308, 1542770592, 1542768756, 1542760176, 1542755073, 1542732812, 1542717195, 1542687561]
[1542682927, 1542647361, 1542644412, 1542638298, 1542632771, 1542599680, 1542552057, 1542526880, 1542526820, 1542525558, 1542520453, 1542513456, 1542507640, 1542484567, 1542478743, 1542478553, 1542476744, 1542434381, 1542428327, 1542427743]
[1542381875, 1542379052, 1542372220, 1542369313, 1542359258, 1542356328, 1542309245, 1542295436, 1542291851, 1542287129, 1542282859, 1542282108, 1542275247, 1542264437, 1542261797, 1542261549, 1542256488, 1542249686, 1542244375, 1542239718]
[1542214054, 1542213852, 1542212134, 1542209927, 1542208620, 1542206549, 1542194644, 1542191981, 1542186849, 1542176051, 1542162227, 1542161537, 1542160759, 1542120323, 1542119179, 1542116422, 1542115356, 1542115079, 1542113604, 1542112957]
[1542107682, 1542107646, 1542104790, 1542104032, 1542103088, 1542102213, 1542102118, 1542101865, 1542101771, 1542101678, 1542101652, 1542101145, 1542101044, 1542100633, 1542100364, 1542099011, 1542098045, 1542097787, 1542097618, 1542097615]
[1542097422, 1542097413, 1542097189, 1542097170, 1542097133, 1542096957, 1542096387, 1542096336, 1542096102, 1542096057, 1542095949, 1542095450, 1542095046, 1542094496, 1542094446, 1542094039, 1542093783, 1542093704, 1542091754, 1542088928]
[1542063262, 1542057189, 1542044622, 1542030314, 1542022599, 1542018102, 1542013425, 1542013340]
