[1557319976, 1557160906, 1557151820, 1557145701, 1556933624, 1556728600, 1556422881, 1556417975, 1555825425, 1555729327, 1555421102, 1555395174, 1555395152, 1555298006, 1555259176, 1555217465, 1555160587, 1554576094, 1554575276, 1554482952]
[1554438230, 1554395835, 1554352953, 1554125114, 1554025428, 1553975999, 1553972847, 1553950145, 1553848690, 1553837386, 1553796158, 1553505796, 1553251358, 1553181842, 1553143730, 1553059815, 1552967499, 1552965850, 1552830048, 1552826013]
[1552816455, 1552792113, 1552748239, 1552748002, 1552747916, 1552648674, 1552619147, 1552592694, 1552574143, 1552495268, 1552480080, 1552467514, 1552452060, 1552446184, 1552438646, 1552414156, 1552361916, 1552312331, 1552308495, 1552288304]
[1552193546, 1552185943, 1552145435, 1552144521, 1552108673, 1552091923, 1552059176, 1552051446, 1552038701, 1552018961, 1552013284, 1551979843, 1551929870, 1551928795, 1551891579, 1551887424, 1551880681, 1551879009, 1551875120, 1551860985]
[1551858799, 1551849838, 1551814534, 1551796664, 1551796559, 1551796485, 1551795997, 1551787996, 1551783098, 1551775871, 1551769180, 1551717168, 1551716948, 1551702280, 1551686513, 1551661245, 1551629117, 1551621319, 1551602183, 1551594075]
[1551582788, 1551579941, 1551579604, 1551575903, 1551550308, 1551548155, 1551543873, 1551534792, 1551534755, 1551463414, 1551460598, 1551457153, 1551453976, 1551448189, 1551441406, 1551437786, 1551433793, 1551430214, 1551419115, 1551410059]
[1551405942, 1551371969, 1551363205, 1551361753, 1551356157, 1551353052, 1551350364, 1551342270, 1551340552, 1551329835, 1551326098, 1551322765, 1551306662, 1551282132, 1551281441, 1551280836, 1551279330, 1551276942, 1551270381, 1551267666]
[1551263695, 1551263292, 1551262487, 1551262458, 1551260688, 1551258624, 1551256759, 1551255125, 1551252202, 1551248413, 1551236162, 1551231454, 1551230122, 1551226875, 1551225659, 1551197425, 1551194036, 1551190101, 1551189929, 1551189897]
[1551189875, 1551189841, 1551187922, 1551183368, 1551180422, 1551180339, 1551179143, 1551178595, 1551170884, 1551166463, 1551164776, 1551150803, 1551119934, 1551108142, 1551091947, 1551066525, 1551062126, 1551030965, 1551025622, 1551024980]
[1551018946, 1551018382, 1551016674, 1551012492, 1551011759, 1551011067, 1551008977, 1551005610, 1551004609, 1550997893, 1550994960, 1550994368, 1550992627, 1550981286, 1550954747, 1550946125, 1550943156, 1550942968, 1550938479, 1550936137]
[1550931032, 1550930354, 1550930192, 1550925555, 1550925081, 1550923786, 1550923296, 1550918372, 1550917992, 1550917395, 1550912221, 1550912118, 1550910129, 1550905626, 1550903040, 1550900340, 1550899503, 1550893045, 1550889737, 1550885317]
[1550884366, 1550863011, 1550856460, 1550854503, 1550852840, 1550849307, 1550847696, 1550842821, 1550842514, 1550839215, 1550838267, 1550836247, 1550834451, 1550834224, 1550834190, 1550829669, 1550823503, 1550823495, 1550816086, 1550815496]
[1550813447, 1550811643, 1550811407, 1550807634, 1550804126, 1550778417, 1550770402, 1550753994, 1550751351, 1550744945, 1550744140, 1550727851, 1550723715, 1550722526, 1550722352, 1550711639, 1550694131, 1550678745, 1550606529, 1550602069]
[1550563723, 1550539510, 1550539439, 1550508147, 1550440738, 1550251770, 1550175511, 1550145176, 1550136145, 1550108674, 1550060884, 1550023998, 1550022021, 1549991558, 1549987526, 1549984128, 1549952578, 1549903339, 1549898726, 1549547712]
[1549518842, 1549473280, 1549460696, 1549441561, 1549360659, 1549331257, 1549294685, 1549287489, 1549281896]
