[1557368100, 1557327133, 1557243681, 1557196396, 1557157197, 1557118466, 1557063446, 1557017269, 1556904926, 1556895413, 1556895381, 1556886647, 1556709389, 1556679756, 1556679682, 1556642046, 1556639809, 1556553226, 1556540440, 1556514314]
[1556514144, 1556509771, 1556456151, 1556446320, 1556444130, 1556419386, 1556402669, 1556381564, 1556360783, 1556279548, 1556221201, 1556150211, 1556068734, 1556031613, 1556014365, 1555923574, 1555830215, 1555756691, 1555715718, 1555667305]
[1555588362, 1555587832, 1555523540, 1555424554, 1555302783, 1555268300, 1555246403, 1555095825, 1554991941, 1554935362, 1554864202, 1554802608, 1554673201, 1554626628, 1554605949, 1554569003, 1554533668, 1554438986, 1554427118, 1554374497]
[1554367224, 1554343430, 1554251780, 1554224298, 1554188485, 1554162321, 1554076138, 1554010744, 1553995978, 1553993166, 1553911759, 1553909767, 1553862696, 1553850528, 1553850189, 1553849947, 1553836103, 1553832738, 1553830730, 1553818111]
[1553791463, 1553784173, 1553782406, 1553762880, 1553742310, 1553740320, 1553689057, 1553525095, 1553353327, 1553342796, 1553322584, 1553313177, 1553185861, 1553182823, 1553182311, 1553162772, 1553129360, 1552926988, 1552924679, 1552919775]
[1552901744, 1552890353, 1552746300, 1552730472, 1552726747, 1552720562, 1552715969, 1552704846, 1552696799, 1552641094, 1552481988, 1552408313, 1552322306, 1552231855, 1552189050, 1552183673, 1552148932, 1552076943, 1552061104, 1552035103]
[1552011488, 1551893879, 1551845670, 1551806212, 1551801024, 1551798559, 1551796755, 1551773078, 1551768217, 1551759273, 1551752474, 1551721489, 1551701033, 1551688186, 1551671803, 1551630701, 1551591202, 1551585588, 1551576996, 1551575611]
[1551546944, 1551538325, 1551535831, 1551533423, 1551510300, 1551509352, 1551485000, 1551455838, 1551452207, 1551451709, 1551446727, 1551445785, 1551445601, 1551443489, 1551434578, 1551432575, 1551429294, 1551426224, 1551426166, 1551424655]
[1551424258, 1551421311, 1551416477, 1551405775, 1551371196, 1551370051, 1551349322, 1551347896, 1551344248, 1551342643, 1551341232, 1551339120, 1551338929, 1551331421, 1551329606, 1551325748, 1551309018, 1551290246, 1551233872, 1551185872]
[1551175638, 1551095292, 1550995027, 1550989986, 1550910637, 1550908048, 1550901826, 1550899777, 1550899663, 1550899438, 1550892802, 1550887306, 1550883896, 1550852681, 1550848872, 1550848744, 1550848219, 1550830270, 1550805166, 1550804392]
[1550761997, 1550728077, 1550725889, 1550721845, 1550672259, 1550671927, 1550654527, 1550624367, 1550600717, 1550513158, 1550497382, 1550476119, 1550471464, 1550406375, 1550403507, 1550402368, 1550397303, 1550328733, 1550319854, 1550244523]
[1550242434, 1550220060, 1550204317, 1550155059, 1550153477, 1550077254, 1550074816, 1550074349, 1550068748, 1550062594, 1550062442, 1550054578, 1550041902, 1549968409, 1549968146, 1549903549, 1549890110, 1549875546, 1549867795, 1549804373]
[1549797522, 1549728615, 1549714975, 1549696348, 1549634134, 1549606411, 1549545979, 1549534806, 1549434910, 1549434888, 1549360995, 1549339543, 1549300952, 1549292193, 1549262882, 1549254646, 1549191239, 1549190381, 1549182309, 1549169600]
[1549169544, 1549167982, 1549167211, 1549161610, 1549136898, 1549133098, 1549035272, 1548950597, 1548856783, 1548805880, 1548791714, 1548765520, 1548764256, 1548752440, 1548744231, 1548711131, 1548695931, 1548695044, 1548688188, 1548677146]
[1548675842, 1548668487, 1548618440, 1548587160, 1548543981, 1548529404, 1548503604, 1548498495, 1548410355, 1548313474, 1548268370, 1548159813, 1548151245, 1547960702, 1547880294, 1547875265, 1547786849, 1547634802, 1547513654, 1547388303]
[1547381638, 1547270218, 1547229238, 1547215847, 1547128295, 1547043365, 1547027851, 1546963896, 1546961507, 1546935289, 1546776738, 1546749858, 1546699315, 1546597326, 1546536039, 1546512510, 1546442209, 1546408934, 1546408153, 1546371562]
[1546352301, 1546343896, 1546326360, 1546324003, 1546266935, 1546262571, 1546254746, 1546253903, 1546245301, 1546225263, 1546197031, 1546190886, 1546190106, 1546180084, 1546176437, 1546173327, 1546160342, 1546159799, 1546155838, 1546150913]
[1546147133, 1546136343, 1546130262, 1546128754, 1546126932, 1546126850, 1546100412, 1546095569, 1546090316, 1546080535, 1546078929, 1546075317, 1546075248, 1546065519, 1546061253, 1546058399, 1546056046, 1546054580, 1546047174, 1546045734]
[1546016927, 1546013008, 1546012518, 1546010832, 1546010165, 1546008888, 1546008887, 1545993708, 1545993690, 1545993399, 1545992978, 1545971057, 1545572155, 1545395224, 1545019508, 1544973433, 1544963160, 1544953498, 1544941291, 1544874914]
[1544854444, 1544807616, 1544803238, 1544715258, 1544703361, 1544619082, 1544351865, 1544268849, 1544152868, 1544105592, 1544069225, 1544059036, 1544021158, 1543895942, 1543804134, 1543799996, 1543670113, 1543648531, 1543575355, 1543559694]
[1543509315, 1543408072, 1543380776, 1543331492, 1543324071, 1543321480, 1543315357, 1543314723, 1543314207, 1543311542, 1543238657, 1543215014, 1543214163, 1543123180, 1543069995, 1542970925, 1542965293, 1542950585, 1542785715, 1542783399]
[1542771036, 1542709025, 1542629816, 1542554923, 1542542616, 1542502014, 1542477761, 1542465744, 1542450654, 1542441466, 1542414836, 1542383748, 1542383072, 1542379031, 1542378870, 1542369851, 1542362705, 1542307134, 1542279960, 1542277734]
[1542260638, 1542253830, 1542249035, 1542241169, 1542196368, 1542193091, 1542190581, 1542186874, 1542183250, 1542172737, 1542170259, 1542168190, 1542166460, 1542155761, 1542151729, 1542144073, 1542125467, 1542124303, 1542122560, 1542121792]
[1542120899, 1542120608, 1542117866, 1542114414, 1542112288, 1542112099, 1542111111, 1542109956, 1542108058, 1542107707, 1542107000, 1542106781, 1542106713, 1542106206, 1542105918, 1542105280, 1542104379, 1542104337, 1542103419, 1542103198]
[1542102439, 1542102396, 1542102323, 1542102223, 1542101943, 1542099362, 1542099324, 1542098722, 1542097961, 1542097877, 1542097828, 1542097769, 1542097701, 1542097620, 1542097579, 1542097533, 1542097161, 1542096855, 1542096797, 1542096696]
[1542096693, 1542096631, 1542096557, 1542096541, 1542096531, 1542096513, 1542096404, 1542096194, 1542095312, 1542095236, 1542095073, 1542094928, 1542094824, 1542094799, 1542094445, 1542094270, 1542094074, 1542094050, 1542093463, 1542093446]
[1542093305, 1542092688, 1542092651, 1542092509, 1542092329, 1542091686, 1542091234, 1542091205, 1542091055, 1542090808, 1542090564, 1542090549, 1542090125, 1542090110, 1542089878, 1542089805, 1542089331, 1542088338, 1542088180, 1542087492]
[1542087482, 1542085304, 1542039904, 1542038940, 1542035418, 1542032948, 1542032554, 1542029887, 1542028244, 1542026982, 1542022421, 1542021920, 1542020006, 1542019056, 1542018197, 1542015852, 1542015505, 1542012044, 1542011651, 1542011325]
[1542008272]
