[1557371214, 1557316839, 1557310976, 1557307954, 1557257408, 1557201424, 1557153250, 1557067564, 1557060788, 1557059829, 1557041882, 1557024333, 1556988593, 1556935212, 1556900483, 1556869446, 1556732347, 1556699625, 1556626900, 1556584026]
[1556403254, 1556370135, 1556365307, 1556272030, 1556211264, 1556204292, 1556192341, 1556162251, 1556149738, 1556126580, 1556123041, 1556105722, 1556078677, 1556078357, 1556040625, 1555992011, 1555893362, 1555850517, 1555849658, 1555846581]
[1555817775, 1555774748, 1555760467, 1555689709, 1555648142, 1555635036, 1555563533, 1555549018, 1555481178, 1555469992, 1555457010, 1555428914, 1555408595, 1555390273, 1555388939, 1555368536, 1555351476, 1555335124, 1555325932, 1555311288]
[1555306461, 1555242429, 1555235946, 1555179685, 1555171320, 1555043167, 1555027447, 1554999325, 1554994277, 1554980856, 1554966539, 1554960857, 1554957874, 1554956287, 1554944531, 1554940289, 1554924059, 1554915181, 1554914925, 1554914396]
[1554914336, 1554913809, 1554912614, 1554891005, 1554827973, 1554820496, 1554797684, 1554780172, 1554777390, 1554733874, 1554729041, 1554703739, 1554694814, 1554648959, 1554646659, 1554630191, 1554610173, 1554571534, 1554541231, 1554531580]
[1554504695, 1554482578, 1554439045, 1554436017, 1554431281, 1554393537, 1554370537, 1554356611, 1554299162, 1554294207, 1554292013, 1554213354, 1554123420, 1554110470, 1554088397, 1554036571, 1553959161, 1553945170, 1553852362, 1553846578]
[1553832895, 1553817552, 1553771144, 1553742085, 1553739293, 1553704151, 1553595925, 1553594235, 1553594193, 1553568753, 1553501689, 1553493281, 1553484324, 1553483447, 1553439764, 1553433193, 1553406424, 1553400225, 1553392876, 1553385293]
[1553385010, 1553333002, 1553321835, 1553260586, 1553220354, 1553149459, 1553136265, 1552997169, 1552972268, 1552929618, 1552913735, 1552908902, 1552894362, 1552885450, 1552877162, 1552836846, 1552820707, 1552811178, 1552803606, 1552791764]
[1552789509, 1552784379, 1552766842, 1552743176, 1552731811, 1552723581, 1552704379, 1552694333, 1552664263, 1552661427, 1552618950, 1552613789, 1552575317, 1552556589, 1552547609, 1552546420, 1552544182, 1552542047, 1552540755, 1552533193]
[1552528101, 1552524671, 1552523882, 1552523603, 1552501010, 1552493579, 1552493512, 1552493498, 1552491248, 1552483362, 1552482877, 1552480103, 1552478190, 1552476277, 1552453036, 1552403223, 1552403066, 1552381108, 1552372575, 1552369559]
[1552366297, 1552360259, 1552316584, 1552284528, 1552273697, 1552266017, 1552258457, 1552248031, 1552231882, 1552227579, 1552219663, 1552219575, 1552214573, 1552208284, 1552204358, 1552204026, 1552194254, 1552185742, 1552181981, 1552179574]
[1552156103, 1552141771, 1552132956, 1552128346, 1552127846, 1552127017, 1552122837, 1552113063, 1552109049, 1552108977, 1552103395, 1552100997, 1552097496, 1552096660, 1552089066, 1552058989, 1552055763, 1552054651, 1552046853, 1552044993]
[1552038418, 1552035634, 1552026195, 1552022677, 1552021946, 1552021931, 1552006937, 1552001987, 1551998386, 1551978770, 1551974245, 1551973390, 1551969686, 1551969020, 1551967927, 1551967681, 1551965967, 1551962694, 1551960111, 1551959417]
[1551957939, 1551957611, 1551956099, 1551954548, 1551952726, 1551951958, 1551944640, 1551944025, 1551943205, 1551941436, 1551940075, 1551939744, 1551939731, 1551939088, 1551938528, 1551938429, 1551936788, 1551935655, 1551934547, 1551934236]
[1551933001, 1551931833, 1551931169, 1551929921, 1551929533, 1551929056, 1551929005, 1551928734, 1551928485, 1551928174, 1551928134, 1551928086, 1551928049, 1551927910, 1551927703, 1551927692, 1551927671, 1551927581, 1551884071, 1551876448]
[1551863296, 1551847935, 1551834493, 1551784948, 1551772245, 1551759138, 1551717381, 1551710974, 1551691278, 1551682444, 1551682006, 1551667408, 1551587384, 1551581283, 1551547869, 1551546544, 1551541066, 1551516141, 1551513043, 1551507132]
[1551501353, 1551448681, 1551448110, 1551444983, 1551444961, 1551431471, 1551416668, 1551411448, 1551405764, 1551370972, 1551338405, 1551329789, 1551291450, 1551276549, 1551273567, 1551199244, 1551195281, 1551165132, 1551101268, 1551097311]
[1551087978, 1551083135, 1551079678, 1551028943, 1551023647, 1551020452, 1551003823, 1550944848, 1550940654, 1550933341, 1550909295, 1550844052, 1550834769, 1550810585, 1550746076, 1550680132, 1550512386, 1550501918, 1550495397, 1550491840]
[1550479051, 1550461914, 1550422283, 1550414970, 1550390844, 1550373084, 1550371815, 1550367819, 1550362860, 1550332640, 1550325944, 1550323552, 1550313867, 1550299923, 1550242297, 1550236938, 1550216861, 1550171300, 1550156425, 1550078036]
[1550055309, 1549958391, 1549901207, 1549900771, 1549879537, 1549879387, 1549823652, 1549815327, 1549812141, 1549758775, 1549758514, 1549754509, 1549748632, 1549733008, 1549705046, 1549678750, 1549648159, 1549631273, 1549625432, 1549584113]
[1549555693, 1549538135, 1549532623, 1549530394, 1549529813, 1549509733, 1549509364, 1549469063, 1549464771, 1549439069, 1549432822, 1549430310, 1549418743, 1549388458, 1549383845, 1549381590, 1549370650, 1549359169, 1549358182, 1549349503]
[1549340518, 1549328818, 1549295279, 1549287465, 1549273827, 1549262252, 1549257889, 1549251397, 1549246729, 1549227205, 1549218381, 1549213516, 1549212789, 1549201634, 1549197376, 1549177139, 1549176959, 1549174513, 1549168622, 1549168602]
[1549154614, 1549131813, 1549117060, 1549111673, 1549099729, 1549099721, 1549097587, 1549097318, 1549082554, 1549070640, 1549045227, 1549025324, 1549014439, 1549010278, 1548994489, 1548964406, 1548952554, 1548948318, 1548940306, 1548918272]
[1548917842, 1548910533, 1548905016, 1548863165, 1548789363, 1548768462, 1548762213, 1548753016, 1548752584, 1548741692, 1548740621, 1548732023, 1548693562, 1548677774, 1548673935, 1548671843, 1548670450, 1548654092, 1548639173, 1548635890]
[1548606830, 1548603945, 1548603127, 1548601513, 1548596477, 1548590643, 1548567413, 1548557275, 1548519785, 1548387864, 1548338240, 1548327895, 1548316843, 1548313002, 1548305123, 1548262715, 1548255165, 1548179835, 1548176135, 1548125934]
[1548122637, 1548086350, 1548082824, 1548008777, 1547999444, 1547985451, 1547983134, 1547981972, 1547898402, 1547897034, 1547806748, 1547797597, 1547721681, 1547702199, 1547700036, 1547692917, 1547657846, 1547651845, 1547626214, 1547623980]
[1547524817, 1547483458, 1547477778, 1547457815, 1547453210, 1547431816, 1547396734, 1547395374, 1547385858, 1547381506, 1547357430, 1547354615, 1547346412, 1547283862, 1547283653, 1547204723, 1547197457, 1547192081, 1547179389, 1547172707]
[1547115919, 1547109674, 1547052677, 1547035236, 1547014366, 1546989653, 1546976065, 1546973359, 1546918519, 1546843339, 1546767580, 1546752366, 1546687525, 1546668116, 1546665255, 1546646171, 1546623273, 1546596070, 1546581154, 1546575676]
[1546567671, 1546559577, 1546559447, 1546557439, 1546532297, 1546530370, 1546525929, 1546516260, 1546512970, 1546510556, 1546504183, 1546498508, 1546491668, 1546490281, 1546489077, 1546488808, 1546486344, 1546482115, 1546453734, 1546444628]
[1546424424, 1546399806, 1546341334, 1546334801, 1546330008, 1546306789, 1546279362, 1546274862, 1546265156, 1546254904, 1546226680, 1546186683, 1546185537, 1546183493, 1546182929, 1546178418, 1546150455, 1546141348, 1546124610, 1546102322]
[1546060850, 1546059791, 1546058518, 1546052504, 1546007337, 1545823924, 1545734347, 1545731694, 1545669215, 1545591168, 1545560604, 1545513951, 1545509642, 1545453895, 1545405821, 1545400573, 1545376840, 1545341941, 1545316670, 1545296018]
[1545294652, 1545224721, 1545190360, 1545189566, 1545143355, 1545121045, 1545056958, 1545019807, 1544875156, 1544810986, 1544710959, 1544632725, 1544614983, 1544450586, 1544407372, 1544365637, 1544360429, 1544342319, 1544278697, 1544265437]
[1544264466, 1544250323, 1544196513, 1544161462, 1544160248, 1544086187, 1544017708, 1544008675, 1543913204, 1543909369, 1543893338, 1543849668, 1543845296, 1543837528, 1543836669, 1543830666, 1543777115, 1543762218, 1543751124, 1543731498]
[1543730973, 1543697271, 1543676442, 1543672980, 1543638712, 1543634194, 1543619641, 1543588516, 1543567341, 1543567332, 1543531477, 1543511985, 1543482767, 1543412110, 1543400252, 1543365976, 1543341582, 1543336325, 1543334025, 1543288981]
[1543247054, 1543243548, 1543223965, 1543213604, 1543212676, 1543201456, 1543177929, 1543158204, 1543157781, 1543120560, 1542981680, 1542867241, 1542864155, 1542855714, 1542800381, 1542797196, 1542769060, 1542765003, 1542724001, 1542721658]
[1542705217, 1542693368, 1542693131, 1542677384, 1542648911, 1542639205, 1542634029, 1542629493, 1542624295, 1542623576, 1542623093, 1542622514, 1542616084, 1542615264, 1542604564, 1542603132, 1542602002, 1542600581, 1542600341, 1542600146]
[1542598609, 1542596379, 1542537627, 1542528043, 1542518383, 1542514831, 1542475292, 1542471648, 1542464838, 1542458120, 1542449206, 1542447535, 1542447493, 1542444069, 1542425711, 1542411328, 1542388226, 1542385015, 1542375093, 1542338028]
[1542290521, 1542284654, 1542281556, 1542267464, 1542261847, 1542247923, 1542244679, 1542240705, 1542204781, 1542197417, 1542194590, 1542189627, 1542184760, 1542179147, 1542173227, 1542169026, 1542167391, 1542163034, 1542158182, 1542156027]
[1542146600, 1542128740, 1542126039, 1542122914, 1542115490, 1542113748, 1542111574, 1542106352, 1542105781, 1542105692, 1542105566, 1542104337, 1542103739, 1542102031, 1542101821, 1542101461, 1542101222, 1542098411, 1542097667, 1542097233]
[1542097210, 1542095989, 1542095198, 1542095120, 1542094296, 1542093608, 1542093086, 1542092810, 1542091999, 1542091762, 1542091657, 1542088933, 1542088770, 1542087567, 1542083038, 1542082335, 1542072988, 1542066129, 1542042307, 1542031424]
[1542031082, 1542029986, 1542025697, 1542020696, 1542019308, 1542017113, 1542015926, 1542013782, 1542012223, 1542011744]
