[1556876383, 1556855438, 1556803795, 1556803646, 1556590500, 1556498961, 1556333538, 1556192900, 1556092923, 1556019590, 1556001075, 1555922448, 1555889036, 1555799608, 1555772563, 1555736054, 1555407972, 1555398157, 1555305041, 1555170088, 1551443539, 1552562199]
[1555097266, 1554891322, 1554460778, 1554047124, 1553979888, 1553856618, 1553585304, 1553318216, 1553249779, 1553237857, 1553165758, 1553097578, 1553052106, 1552761295, 1552647578, 1552588471, 1552585570, 1552577754, 1552570675, 1552569698, 1551443539, 1552562199]
[1552568691, 1552562199, 1552526429, 1552466572, 1552457498, 1552241401, 1552211676, 1552192901, 1551942260, 1551892445, 1551804495, 1551799371, 1551797830, 1551794046, 1551789065, 1551786845, 1551742222, 1551608134, 1551587846, 1551551375, 1551443539, 1552562199]
[1551512456, 1551492602, 1551443539, 1551419702, 1551283529, 1551249257, 1551101953, 1550992422, 1550862264, 1550859275, 1550855985, 1550853583, 1550841311, 1550815896, 1550812738, 1550768219, 1550763422, 1550756168, 1550701427, 1550684517, 1551443539, 1552562199]
[1550657323, 1550632720, 1550630255, 1550470507, 1550420891, 1550420115, 1550416306, 1550411847, 1550377254, 1550369441, 1550332939, 1550328000, 1550327593, 1550315420, 1550315181, 1550296329, 1550283218, 1550281994, 1550279079, 1550251767, 1551443539, 1552562199]
[1550251714, 1550250997, 1550244335, 1550233764, 1550225832, 1550225473, 1550221211, 1550207842, 1550206210, 1550205369, 1550149669, 1550136811, 1550121255, 1550051154, 1550017614, 1549993594, 1549991041, 1549908331, 1549907585, 1549902193, 1551443539, 1552562199]
[1549864301, 1549860688, 1549822656, 1549806379, 1549783849, 1549782931, 1549776681, 1549728955, 1549713722, 1549693786, 1549678621, 1549645158, 1549637458, 1549636949, 1549636188, 1549634650, 1549627506, 1549623397, 1549612029, 1549601571, 1551443539, 1552562199]
[1549600402, 1549593021, 1549555148, 1549456325, 1549430804, 1549416250, 1549335060, 1549300375, 1549291936, 1549289023, 1549274341, 1549250766, 1549210768, 1549191619, 1549189597, 1549139435, 1549132764, 1549132036, 1549128423, 1549099938, 1551443539, 1552562199]
[1549084326, 1549031978, 1549030315, 1549029672, 1549015545, 1549000642, 1548995009, 1548994205, 1548994100, 1548991988, 1548991207, 1548990622, 1548983665, 1548933148, 1548881808, 1548739405, 1548663741, 1548573221, 1548516463, 1548499771, 1551443539, 1552562199]
[1548470508, 1548417316, 1548413045, 1548408259, 1548343760, 1548342121, 1548318630, 1548299357, 1548131632, 1548046506, 1548013404, 1548005862, 1547993040, 1547969929, 1547812150, 1547801137, 1547788607, 1547781691, 1547779928, 1547401121, 1551443539, 1552562199]
[1547392440, 1547381058, 1547372144, 1547343931, 1547325078, 1547321643, 1547289857, 1547287086, 1547258188, 1547227629, 1547221450, 1547220457, 1547213253, 1547202573, 1547181417, 1547133612, 1547106295, 1547098118, 1547044805, 1547030953, 1551443539, 1552562199]
[1546742968, 1546734793, 1546703855, 1546670720, 1546651872, 1546626926, 1546620271, 1546618301, 1546618204, 1546617872, 1546611886, 1546608202, 1546605543, 1546599458, 1546598699, 1546598668, 1546598321, 1546596650, 1546594855, 1546585956, 1551443539, 1552562199]
[1546578843, 1546578624, 1546575668, 1546575138, 1546571500, 1546569846, 1546428046, 1546424215, 1546422180, 1546325324, 1546224684, 1546180268, 1546179412, 1546176410, 1546159042, 1546153441, 1545915003, 1545597303, 1545535376, 1545455726, 1551443539, 1552562199]
[1545130902, 1545127033, 1544977664, 1544977642, 1544977616, 1544948692, 1544876208, 1544855709, 1544834058, 1544809403, 1544673895, 1544631430, 1544608532, 1544607396, 1544585656, 1544201679, 1544154372, 1543798336, 1543758143, 1543752570, 1551443539, 1552562199]
[1543655952, 1543555884, 1543410529, 1543383087, 1543325158, 1542815283, 1542774191, 1542564436, 1542469640, 1542460337, 1542421703, 1542410395, 1542397656, 1542383535, 1542383533, 1542375885, 1542349512, 1542337476, 1542304175, 1542293767, 1551443539, 1552562199]
[1542286403, 1542242267, 1542197085, 1542162016, 1542133351, 1542121040, 1542118810, 1542117503, 1542116904, 1542116190, 1542111523, 1542109672, 1542109190, 1542108262, 1542107129, 1542104077, 1542103715, 1542102714, 1542102322, 1542101823, 1551443539, 1552562199]
[1542101740, 1542100732, 1542100357, 1542100053, 1542099548, 1542098864, 1542098823, 1542097898, 1542097635, 1542097322, 1542096696, 1542094846, 1542093490, 1542090964, 1542088062, 1542081608, 1542040858, 1542033242, 1542030418, 1542022751, 1551443539, 1552562199]
[1542022416, 1542020366, 1542018962, 1542018621, 1542018607, 1542018407, 1551443539, 1552562199]
