[1557340347, 1557331034, 1557330413, 1557330060, 1557325555, 1557325134, 1557324832, 1557322709, 1557312918, 1557311252, 1557293951, 1557292935, 1557291736, 1557289068, 1557275330, 1557245866, 1557240206, 1557234386, 1557232186, 1557224414, 1556294501]
[1557223685, 1557215779, 1557215557, 1557213155, 1557213132, 1557210025, 1557203976, 1557202725, 1557202609, 1557200261, 1557199347, 1557190507, 1557168907, 1557168508, 1557161866, 1557161052, 1557160873, 1557156512, 1557156082, 1557152050, 1556294501]
[1557151148, 1557148785, 1557146979, 1557142593, 1557141340, 1557140950, 1557136230, 1557133199, 1557131721, 1557130566, 1557126524, 1557124808, 1557120440, 1557119883, 1557118749, 1557114696, 1557114004, 1557104177, 1557104042, 1557088837, 1556294501]
[1557078399, 1557076688, 1557068329, 1557067136, 1557063414, 1557056075, 1557053529, 1557043758, 1557043335, 1557043321, 1557042419, 1557040226, 1557038870, 1557030105, 1557030025, 1557027486, 1557025444, 1557023179, 1557022742, 1557020938, 1556294501]
[1557019791, 1557012055, 1557011634, 1556997280, 1556993842, 1556992427, 1556991117, 1556987402, 1556986041, 1556985214, 1556985120, 1556980776, 1556973278, 1556967832, 1556961951, 1556952703, 1556951230, 1556950005, 1556943919, 1556943808, 1556294501]
[1556943794, 1556942758, 1556940593, 1556930742, 1556915633, 1556911069, 1556904742, 1556902288, 1556899643, 1556896116, 1556893301, 1556888623, 1556888496, 1556886195, 1556885452, 1556879982, 1556870987, 1556870850, 1556867699, 1556867207, 1556294501]
[1556859371, 1556859125, 1556857318, 1556852735, 1556850810, 1556844747, 1556844667, 1556821515, 1556820623, 1556814998, 1556811728, 1556808793, 1556799944, 1556796790, 1556795746, 1556792386, 1556782251, 1556778413, 1556771353, 1556768972, 1556294501]
[1556766621, 1556765983, 1556762206, 1556759910, 1556750687, 1556736910, 1556727360, 1556722693, 1556716252, 1556715637, 1556693040, 1556692357, 1556691593, 1556679884, 1556677499, 1556646093, 1556640483, 1556638731, 1556631831, 1556627989, 1556294501]
[1556623884, 1556620347, 1556616206, 1556611092, 1556586608, 1556576929, 1556569423, 1556563925, 1556560341, 1556559323, 1556557089, 1556557043, 1556556123, 1556554366, 1556548389, 1556548002, 1556544524, 1556532971, 1556530534, 1556517425, 1556294501]
[1556516895, 1556511586, 1556472643, 1556472130, 1556465326, 1556465214, 1556464079, 1556463929, 1556462640, 1556459982, 1556457081, 1556448897, 1556448561, 1556446440, 1556443251, 1556440237, 1556433816, 1556432869, 1556431660, 1556431170, 1556294501]
[1556430618, 1556429553, 1556426503, 1556423444, 1556419992, 1556419092, 1556418366, 1556416324, 1556411910, 1556410610, 1556402189, 1556398724, 1556394803, 1556394705, 1556389068, 1556386584, 1556384118, 1556382690, 1556382435, 1556381773, 1556294501]
[1556379016, 1556377899, 1556368519, 1556368029, 1556366498, 1556366067, 1556362202, 1556355385, 1556355050, 1556354305, 1556354072, 1556353461, 1556351219, 1556339980, 1556339494, 1556338506, 1556337785, 1556337763, 1556337259, 1556336056, 1556294501]
[1556334005, 1556331285, 1556331154, 1556326828, 1556326460, 1556318452, 1556316421, 1556307604, 1556305767, 1556303645, 1556303104, 1556300447, 1556300276, 1556300261, 1556298764, 1556298340, 1556297251, 1556297228, 1556297117, 1556296408, 1556294501]
[1556295659, 1556295367, 1556295239, 1556294501, 1556294471, 1556291326, 1556290374, 1556290114, 1556280616, 1556262659, 1556252474, 1556247916, 1556247414, 1556246452, 1556245758, 1556245365, 1556241280, 1556240825, 1556237857, 1556218096, 1556294501]
[1556217620, 1556208859, 1556205749, 1556192272, 1556187699, 1556172512, 1556166043, 1556126680, 1556118541, 1556115945, 1556109737, 1556108557, 1556101084, 1556097702, 1556093026, 1556089573, 1556082306, 1556078568, 1556071579, 1556071320, 1556294501]
[1556066885, 1556059727, 1556032880, 1556032833, 1556027040, 1556024837, 1556024533, 1556023853, 1556021175, 1556020133, 1556019969, 1556019811, 1555988703, 1555986916, 1555979711, 1555973493, 1555952865, 1555952306, 1555945769, 1555942790, 1556294501]
[1555941899, 1555936298, 1555932060, 1555930607, 1555926797, 1555924622, 1555919613, 1555919026, 1555918002, 1555916878, 1555916624, 1555912909, 1555909532, 1555904077, 1555902601, 1555901082, 1555900792, 1555899365, 1555897573, 1555893902, 1556294501]
[1555892475, 1555892143, 1555891372, 1555890538, 1555886289, 1555885616, 1555870935, 1555869750, 1555869291, 1555868575, 1555868176, 1555868173, 1555867667, 1555867320, 1555866576, 1555865568, 1555864601, 1555864316, 1555864041, 1555863967, 1556294501]
[1555863847, 1555863813, 1555863811, 1555863455, 1555863293, 1555863051, 1555862952, 1555862788, 1555862281, 1555860416, 1555860377, 1555859635, 1555859447, 1555853101, 1555852976, 1555849966, 1555837692, 1555835091, 1555834846, 1555831957, 1556294501]
[1555829525, 1555828036, 1555823523, 1555816339, 1555809907, 1555804485, 1555801975, 1555777398, 1555777035, 1555773612, 1555769511, 1555758157, 1555746853, 1555740971, 1555739389, 1555728074, 1555725510, 1555723710, 1555707739, 1555695658, 1556294501]
[1555693740, 1555686226, 1555682489, 1555681877, 1555668988, 1555665473, 1555664158, 1555659787, 1555656611, 1555648326, 1555640518, 1555631106, 1555622373, 1555605280, 1555604954, 1555602914, 1555602207, 1555596294, 1555591944, 1555587492, 1556294501]
[1555569639, 1555561892, 1555561290, 1555535779, 1555530886, 1555519244, 1555518236, 1555508692, 1555504193, 1555479412, 1555471812, 1555465162, 1555464915, 1555446851, 1555442611, 1555439663, 1555437121, 1555435346, 1555415213, 1555413221, 1556294501]
[1555409152, 1555404119, 1555398073, 1555395340, 1555391209, 1555379578, 1555375707, 1555350238, 1555349035, 1555345465, 1555344334, 1555343825, 1555331599, 1555328564, 1555325711, 1555323979, 1555320320, 1555315920, 1555309797, 1555307758, 1556294501]
[1555305312, 1555304473, 1555303845, 1555297681, 1555297273, 1555296473, 1555293704, 1555287203, 1555275746, 1555263557, 1555263225, 1555262841, 1555259592, 1555259556, 1555259534, 1555259377, 1555258735, 1555256301, 1555255988, 1555254105, 1556294501]
[1555252670, 1555252194, 1555245378, 1555244955, 1555237241, 1555235979, 1555228034, 1555221795, 1555218866, 1555218700, 1555218601, 1555209826, 1555199789, 1555180145, 1555177582, 1555174444, 1555174298, 1555168007, 1555161955, 1555159254, 1556294501]
[1555159254, 1555153026, 1555138193, 1555136929, 1555128305, 1555126300, 1555123254, 1555117307, 1555115936, 1555085849, 1555079225, 1555076981, 1555073083, 1555072525, 1555071510, 1555068283, 1555061596, 1555058070, 1555057936, 1555043472, 1556294501]
[1555042948, 1555038958, 1555028784, 1555007304, 1555001104, 1554989950, 1554987469, 1554984386, 1554976115, 1554970903, 1554969223, 1554965949, 1554962443, 1554956694, 1554952166, 1554941630, 1554941218, 1554940533, 1554917977, 1554915183, 1556294501]
[1554912259, 1554910153, 1554909956, 1554907140, 1554905269, 1554898815, 1554897591, 1554892023, 1554891669, 1554891630, 1554890906, 1554888113, 1554885519, 1554885157, 1554884490, 1554880110, 1554868205, 1554865204, 1554860125, 1554855015, 1556294501]
[1554825213, 1554823676, 1554820625, 1554819910, 1554816756, 1554812362, 1554812246, 1554809998, 1554809439, 1554808976, 1554806821, 1554796242, 1554794240, 1554791145, 1554786044, 1554776392, 1554769351, 1554755463, 1554754281, 1554746776, 1556294501]
[1554742474, 1554736860, 1554735895, 1554733356, 1554731989, 1554728617, 1554720071, 1554717213, 1554714203, 1554713191, 1554713185, 1554713108, 1554711860, 1554711257, 1554711140, 1554710418, 1554710340, 1554709928, 1554707752, 1554706673, 1556294501]
[1554706360, 1554705277, 1554704533, 1554704038, 1554701857, 1554701721, 1554700180, 1554698912, 1554698053, 1554697917, 1554697844, 1554697071, 1554695874, 1554695529, 1554692343, 1554692263, 1554691987, 1554690650, 1554690274, 1554689004, 1556294501]
[1554688183, 1554686818, 1554685548, 1554683598, 1554676583, 1554668592, 1554667235, 1554658066, 1554655232, 1554654195, 1554653292, 1554653084, 1554652356, 1554652356, 1554652194, 1554651472, 1554649440, 1554645476, 1554641850, 1554637741, 1556294501]
[1554637478, 1554632844, 1554632226, 1554627860, 1554627424, 1554625521, 1554624631, 1554624398, 1554621507, 1554620341, 1554620084, 1554615723, 1554615524, 1554611459, 1554610779, 1554609989, 1554609361, 1554607148, 1554607104, 1554599427, 1556294501]
[1554598342, 1554595169, 1554585029, 1554577203, 1554572462, 1554571776, 1554571348, 1554570893, 1554570506, 1554570242, 1554569649, 1554569221, 1554568937, 1554568935, 1554568471, 1554568427, 1554560829, 1554560643, 1554555260, 1554539985, 1556294501]
[1554534133, 1554532775, 1554532187, 1554520041, 1554476136, 1554468390, 1554468357, 1554464292, 1554454586, 1554453482, 1554448082, 1554447399, 1554442087, 1554423247, 1554422827, 1554419225, 1554392809, 1554392797, 1554359381, 1554299929, 1556294501]
[1554296381, 1554295146, 1554221332, 1554218565, 1554213471, 1554195725, 1554194059, 1554194035, 1554193932, 1554178354, 1554147187, 1554141457, 1554134465, 1554111215, 1554104474, 1554104122, 1554103059, 1554102280, 1554098734, 1554095643, 1556294501]
[1554093561, 1554092045, 1554090796, 1554089832, 1554089750, 1554087436, 1554085530, 1554085240, 1554084588, 1554083267, 1554078584, 1554075169, 1554047427, 1554035303, 1554018825, 1554015093, 1554012680, 1554012353, 1553949902, 1553948323, 1556294501]
[1553925154, 1553847404, 1553775192, 1553744060, 1553670567, 1553650928, 1553621131, 1553615632, 1553589282, 1553583020, 1553568718, 1553527588, 1553490025, 1553489550, 1553485875, 1553481389, 1553470493, 1553444232, 1553431619, 1553398416, 1556294501]
[1553385638, 1553299789, 1553254113, 1553134283, 1553094508, 1553011235, 1553009815, 1553008105, 1552972856, 1552972616, 1552970925, 1552965736, 1552949347, 1552925046, 1552923966, 1552918324, 1552907079, 1552904658, 1552901012, 1552900336, 1556294501]
[1552892463, 1552891263, 1552886318, 1552885887, 1552885250, 1552883670, 1552883118, 1552880813, 1552875750, 1552870635, 1552868999, 1552760593, 1552752878, 1552586512, 1552567802, 1552557902, 1552542597, 1552493944, 1552458744, 1552406274, 1556294501]
[1552355938, 1552347545, 1552319264, 1552319091, 1552312998, 1552308794, 1552304628, 1552300864, 1552296809, 1552284267, 1552280867, 1552273363, 1552271600, 1552265251, 1552264571, 1552263743, 1552252278, 1552236290, 1552236196, 1552235968, 1556294501]
[1552235338, 1552199923, 1551979717, 1551955281, 1551824115, 1551782214, 1551714147, 1551696412, 1551678802, 1551671480, 1551669550, 1551669544, 1551665158, 1551660085, 1551606361, 1551584241, 1551538874, 1551526304, 1551514272, 1551459169, 1556294501]
[1551352523, 1551268514, 1551202665, 1551193415, 1551176416, 1551164906, 1551164752, 1551134196, 1551127899, 1551109282, 1551107822, 1551084470, 1551081890, 1551061166, 1551053508, 1551053043, 1551024432, 1550975030, 1550935673, 1550935545, 1556294501]
[1550720512, 1550711130, 1550692924, 1550645201, 1550608111, 1550588837, 1550515670, 1550515144, 1550508093, 1550490308, 1550486372, 1550485984, 1550484463, 1550481446, 1550470362, 1550459870, 1550453579, 1550451543, 1550451487, 1550448387, 1556294501]
[1550447701, 1550447685, 1550446251, 1550389247, 1550310438, 1550275514, 1550240338, 1550219522, 1550213000, 1550139227, 1550109956, 1550058071, 1550042564, 1550025550, 1549977518, 1549960353, 1549960241, 1549951172, 1549903568, 1549876278, 1556294501]
[1549871554, 1549867050, 1549857606, 1549824516, 1549815765, 1549812094, 1549794524, 1549780803, 1549774913, 1549769242, 1549738563, 1549733128, 1549723499, 1549715014, 1549712531, 1549711148, 1549704945, 1549703538, 1549693350, 1549644919, 1556294501]
[1549622894, 1549611681, 1549588382, 1549569741, 1549554047, 1549536285, 1549520048, 1549515069, 1549500900, 1549461182, 1549436535, 1549421373, 1549396239, 1549384788, 1549377847, 1549359519, 1549357806, 1549350817, 1549348087, 1549340425, 1556294501]
[1549310938, 1549289358, 1549272329, 1549269904, 1549266381, 1549258840, 1549256520, 1549255070, 1549252569, 1549251114, 1549250348, 1549250152, 1549249272, 1549240903, 1549208205, 1549194284, 1549168774, 1549164299, 1549131289, 1549096801, 1556294501]
[1549093108, 1549031249, 1548979448, 1548944475, 1548917741, 1548913862, 1548900123, 1548848535, 1548768290, 1548767806, 1548756758, 1548739270, 1548725149, 1548721138, 1548721023, 1548703105, 1548697419, 1548654722, 1548653664, 1548649408, 1556294501]
[1548648793, 1548648464, 1548646999, 1548646654, 1548646551, 1548643232, 1548642566, 1548633892, 1548628116, 1548611022, 1548572961, 1548564987, 1548529728, 1548440916, 1548417317, 1548390319, 1548322662, 1548260665, 1548169092, 1548167886, 1556294501]
[1548154169, 1548148753, 1548124061, 1548119678, 1548119028, 1548087293, 1548087274, 1548083640, 1548080980, 1548080917, 1548061288, 1548060073, 1548054429, 1548053900, 1548051721, 1548047406, 1548047072, 1548046350, 1548045825, 1548045727, 1556294501]
[1548043958, 1548041387, 1548040444, 1548040220, 1548040202, 1548038978, 1548038389, 1548038279, 1548037639, 1547955627, 1547955312, 1547932761, 1547905924, 1547904859, 1547896411, 1547894926, 1547882665, 1547789485, 1547788546, 1547742543, 1556294501]
[1547708293, 1547647238, 1547634647, 1547612092, 1547611970, 1547567253, 1547536754, 1547469993, 1547461311, 1547461244, 1547441930, 1547439336, 1547390479, 1547373004, 1547371104, 1547356343, 1547355415, 1547307880, 1547304163, 1547303932, 1556294501]
[1547302928, 1547277593, 1547258924, 1547258415, 1547257703, 1547256774, 1547239746, 1547227535, 1547204560, 1547183327, 1547182548, 1547181724, 1547177681, 1547177507, 1547138032, 1547138023, 1547111768, 1547091519, 1546991730, 1546965389, 1556294501]
[1546963153, 1546957268, 1546939761, 1546925467, 1546923326, 1546881488, 1546831210, 1546827179, 1546817701, 1546801686, 1546768644, 1546687888, 1546683041, 1546670790, 1546670777, 1546670370, 1546530385, 1546516320, 1546503366, 1546443644, 1556294501]
[1546422668, 1546371845, 1546354761, 1546260191, 1546239725, 1546146589, 1546139740, 1545942610, 1545924888, 1545848815, 1545790181, 1545752963, 1545668036, 1545653539, 1545536219, 1545530930, 1545483767, 1545465973, 1545434297, 1545350747, 1556294501]
[1545316921, 1545282387, 1545242618, 1545204157, 1545196344, 1545106993, 1545096438, 1545068611, 1545050732, 1545040385, 1545023764, 1544957824, 1544898565, 1544876660, 1544872592, 1544853017, 1544849572, 1544849039, 1544847833, 1544839479, 1556294501]
[1544838898, 1544808489, 1544804689, 1544759062, 1544716078, 1544708149, 1544671813, 1544664951, 1544602410, 1544514600, 1544503888, 1544494580, 1544493165, 1544436417, 1544433486, 1544433026, 1544420906, 1544420351, 1544400296, 1544398899, 1556294501]
[1544370198, 1544365123, 1544349247, 1544339747, 1544331295, 1544330147, 1544323360, 1544303358, 1544286753, 1544284432, 1544281013, 1544278801, 1544276428, 1544274566, 1544272028, 1544263880, 1544262292, 1544261810, 1544249069, 1544247257, 1556294501]
[1544244958, 1544244209, 1544243008, 1544240693, 1544238483, 1544238124, 1544235532, 1544233153, 1544232583, 1544231353, 1544231217, 1544230510, 1544221536, 1544211413, 1544210170, 1544209146, 1544207891, 1544206210, 1544200798, 1544200054, 1556294501]
[1544197310, 1556294501]
