[1557369984, 1557369575, 1557369571, 1557366708, 1557365896, 1557364537, 1557364162, 1557363585, 1557363527, 1557363089, 1557362226, 1557361154, 1557360706, 1557359758, 1557357353, 1557346097, 1557343737, 1557341780, 1557340566, 1557337510, 1556264072]
[1557335999, 1557335697, 1557335682, 1557335283, 1557335194, 1557335088, 1557333686, 1557333533, 1557332977, 1557331732, 1557331432, 1557330595, 1557330201, 1557329146, 1557327693, 1557327367, 1557327165, 1557326155, 1557321665, 1557321151, 1556264072]
[1557320892, 1557320314, 1557316429, 1557313635, 1557313050, 1557312779, 1557310914, 1557309174, 1557305882, 1557304711, 1557304031, 1557303438, 1557301102, 1557299703, 1557297534, 1557296972, 1557296969, 1557294915, 1557294484, 1557294404, 1556264072]
[1557292248, 1557291776, 1557291491, 1557290882, 1557290815, 1557290316, 1557289930, 1557289665, 1557289504, 1557288528, 1557288226, 1557287378, 1557287246, 1557285110, 1557284912, 1557282720, 1557279566, 1557277227, 1557275705, 1557274262, 1556264072]
[1557272266, 1557266217, 1557254557, 1557250836, 1557249858, 1557249125, 1557248709, 1557246512, 1557246375, 1557246354, 1557245759, 1557245606, 1557245212, 1557244616, 1557244396, 1557241400, 1557236954, 1557236817, 1557236130, 1557235598, 1556264072]
[1557233690, 1557232800, 1557231915, 1557231403, 1557231316, 1557229484, 1557228921, 1557228632, 1557226785, 1557224588, 1557224143, 1557223028, 1557222991, 1557222206, 1557221840, 1557221154, 1557220016, 1557219758, 1557218804, 1557218316, 1556264072]
[1557218139, 1557216360, 1557215893, 1557212910, 1557212790, 1557212561, 1557210284, 1557209425, 1557206564, 1557204172, 1557202073, 1557201297, 1557201063, 1557200962, 1557199772, 1557198450, 1557197471, 1557196313, 1557194422, 1557194409, 1556264072]
[1557192781, 1557190634, 1557189795, 1557187718, 1557187070, 1557185834, 1557177730, 1557170434, 1557169932, 1557168472, 1557166089, 1557164043, 1557163582, 1557163460, 1557163226, 1557161115, 1557160990, 1557160844, 1557160799, 1557160401, 1556264072]
[1557160232, 1557160188, 1557159682, 1557159046, 1557158993, 1557158877, 1557158628, 1557157294, 1557157190, 1557154322, 1557153832, 1557153599, 1557153348, 1557151421, 1557151196, 1557150294, 1557150012, 1557147597, 1557147123, 1557146214, 1556264072]
[1557145235, 1557144744, 1557144367, 1557144163, 1557142774, 1557142461, 1557141947, 1557141831, 1557140874, 1557140354, 1557136055, 1557131681, 1557130787, 1557130588, 1557130364, 1557128620, 1557128340, 1557127317, 1557124120, 1557123673, 1556264072]
[1557122646, 1557122420, 1557121942, 1557121912, 1557119853, 1557119791, 1557119352, 1557119029, 1557115458, 1557114644, 1557113502, 1557113268, 1557112929, 1557112793, 1557112695, 1557112208, 1557111606, 1557110566, 1557109097, 1557108767, 1556264072]
[1557108651, 1557107053, 1557106269, 1557105424, 1557105422, 1557105245, 1557103327, 1557103192, 1557103030, 1557101370, 1557101316, 1557101284, 1557101080, 1557099202, 1557098282, 1557095049, 1557088300, 1557086133, 1557084612, 1557080145, 1556264072]
[1557079107, 1557078955, 1557078526, 1557078030, 1557077084, 1557076126, 1557076023, 1557075383, 1557073521, 1557073428, 1557073079, 1557072851, 1557072775, 1557072040, 1557071924, 1557071583, 1557070599, 1557070179, 1557069291, 1557069092, 1556264072]
[1557068970, 1557068324, 1557068067, 1557067225, 1557066884, 1557066640, 1557066356, 1557066294, 1557066219, 1557066101, 1557065997, 1557065521, 1557065081, 1557063020, 1557062082, 1557062044, 1557061846, 1557060122, 1557060069, 1557059204, 1556264072]
[1557057960, 1557054774, 1557054531, 1557054047, 1557052179, 1557049713, 1557046771, 1557044088, 1557043515, 1557042934, 1557042273, 1557040355, 1557039100, 1557039005, 1557038789, 1557038054, 1557038037, 1557037749, 1557037515, 1557037462, 1556264072]
[1557037339, 1557037097, 1557033530, 1557032696, 1557032674, 1557031939, 1557031120, 1557029865, 1557027707, 1557027675, 1557027438, 1557027224, 1557026986, 1557026895, 1557026887, 1557025687, 1557025470, 1557023493, 1557023240, 1557022573, 1556264072]
[1557022179, 1557018639, 1557017067, 1557015433, 1557015207, 1557011924, 1557006487, 1557005272, 1557001671, 1557001268, 1556996077, 1556991048, 1556989185, 1556988024, 1556986912, 1556986105, 1556985769, 1556985670, 1556984288, 1556979545, 1556264072]
[1556979409, 1556977054, 1556976345, 1556972237, 1556972074, 1556971861, 1556969041, 1556966998, 1556965215, 1556960807, 1556957850, 1556955509, 1556953936, 1556953478, 1556953158, 1556951106, 1556946471, 1556945089, 1556944254, 1556943643, 1556264072]
[1556943575, 1556943565, 1556942571, 1556942386, 1556941960, 1556941700, 1556941482, 1556940081, 1556938769, 1556937921, 1556937542, 1556934444, 1556934420, 1556934317, 1556932640, 1556932164, 1556931535, 1556929206, 1556927174, 1556917077, 1556264072]
[1556915629, 1556908848, 1556908544, 1556907967, 1556905054, 1556904839, 1556901681, 1556901149, 1556898832, 1556897247, 1556896912, 1556896859, 1556895521, 1556894501, 1556893728, 1556893653, 1556893464, 1556892371, 1556892221, 1556891097, 1556264072]
[1556886142, 1556885634, 1556885603, 1556885564, 1556885269, 1556884428, 1556883996, 1556883619, 1556883445, 1556882556, 1556879427, 1556879260, 1556878837, 1556878443, 1556876054, 1556874471, 1556874214, 1556873438, 1556873107, 1556872877, 1556264072]
[1556872141, 1556871006, 1556868640, 1556867883, 1556866009, 1556865258, 1556864691, 1556864383, 1556861238, 1556861026, 1556859342, 1556857497, 1556856529, 1556856472, 1556856075, 1556854191, 1556854164, 1556853852, 1556853558, 1556853360, 1556264072]
[1556852986, 1556852227, 1556851859, 1556851538, 1556851177, 1556848247, 1556846944, 1556845962, 1556844848, 1556842439, 1556841240, 1556837735, 1556837613, 1556828386, 1556819769, 1556819580, 1556818904, 1556815877, 1556815830, 1556815629, 1556264072]
[1556814845, 1556813827, 1556813723, 1556810639, 1556810606, 1556810000, 1556809727, 1556809336, 1556809071, 1556806920, 1556806418, 1556804924, 1556804426, 1556800841, 1556800612, 1556799667, 1556798279, 1556796456, 1556794360, 1556791175, 1556264072]
[1556790921, 1556789760, 1556787714, 1556785730, 1556784888, 1556783900, 1556783062, 1556782472, 1556779888, 1556779247, 1556778731, 1556778691, 1556775145, 1556773287, 1556771467, 1556768045, 1556767751, 1556766429, 1556763366, 1556761652, 1556264072]
[1556760304, 1556759515, 1556759436, 1556758066, 1556756425, 1556740858, 1556739847, 1556739567, 1556739442, 1556739178, 1556735878, 1556731723, 1556727568, 1556726620, 1556724669, 1556724637, 1556724632, 1556724614, 1556724585, 1556722432, 1556264072]
[1556720842, 1556720611, 1556718031, 1556717879, 1556716564, 1556715201, 1556714039, 1556710924, 1556710898, 1556710875, 1556709983, 1556706462, 1556706358, 1556706263, 1556704761, 1556703610, 1556703244, 1556703103, 1556703081, 1556702621, 1556264072]
[1556702097, 1556702038, 1556701541, 1556701006, 1556700489, 1556700375, 1556698572, 1556697239, 1556696232, 1556696060, 1556695925, 1556695759, 1556695133, 1556694931, 1556693942, 1556692754, 1556692600, 1556689484, 1556686086, 1556685867, 1556264072]
[1556685751, 1556685185, 1556684562, 1556684551, 1556684410, 1556681744, 1556677270, 1556677229, 1556675764, 1556675750, 1556672912, 1556672610, 1556672294, 1556672054, 1556671323, 1556670436, 1556669651, 1556669085, 1556668376, 1556668208, 1556264072]
[1556668135, 1556668133, 1556661866, 1556655745, 1556654649, 1556654635, 1556652383, 1556652215, 1556652167, 1556648235, 1556638987, 1556638539, 1556638244, 1556638213, 1556638110, 1556637748, 1556637040, 1556635265, 1556626167, 1556622988, 1556264072]
[1556622142, 1556621520, 1556617584, 1556617545, 1556617274, 1556613284, 1556612716, 1556609902, 1556608895, 1556608781, 1556606951, 1556606239, 1556605808, 1556601896, 1556601631, 1556600215, 1556598962, 1556598770, 1556598507, 1556597297, 1556264072]
[1556597088, 1556596981, 1556596514, 1556594483, 1556594268, 1556590436, 1556589984, 1556588898, 1556587647, 1556587550, 1556587472, 1556587063, 1556584372, 1556584039, 1556582277, 1556581318, 1556578615, 1556570461, 1556561127, 1556560950, 1556264072]
[1556560533, 1556557212, 1556556361, 1556555882, 1556555276, 1556554788, 1556554320, 1556553815, 1556552248, 1556551846, 1556549790, 1556549596, 1556549044, 1556548318, 1556547508, 1556547028, 1556546408, 1556546212, 1556545856, 1556544861, 1556264072]
[1556544197, 1556542486, 1556541837, 1556541422, 1556540706, 1556540576, 1556539689, 1556538936, 1556538661, 1556537556, 1556537074, 1556536905, 1556536686, 1556536455, 1556535859, 1556535854, 1556534471, 1556534254, 1556533189, 1556532282, 1556264072]
[1556532030, 1556531683, 1556531134, 1556530600, 1556530230, 1556528979, 1556528239, 1556528185, 1556528112, 1556527909, 1556527803, 1556527709, 1556527677, 1556527065, 1556526848, 1556526789, 1556526733, 1556526555, 1556526521, 1556526509, 1556264072]
[1556526452, 1556525318, 1556524492, 1556524182, 1556524160, 1556522498, 1556521133, 1556521084, 1556520337, 1556518284, 1556515821, 1556514811, 1556514346, 1556513780, 1556511385, 1556510619, 1556508686, 1556505986, 1556505844, 1556504871, 1556264072]
[1556504443, 1556503668, 1556502264, 1556500851, 1556500713, 1556500273, 1556499391, 1556494420, 1556490515, 1556478672, 1556474702, 1556473332, 1556471690, 1556471222, 1556470816, 1556470040, 1556469053, 1556468956, 1556468814, 1556468552, 1556264072]
[1556467350, 1556466368, 1556465980, 1556465554, 1556465025, 1556462948, 1556462622, 1556461045, 1556459137, 1556455399, 1556455107, 1556454512, 1556453914, 1556453354, 1556451684, 1556450625, 1556448106, 1556447637, 1556447431, 1556443888, 1556264072]
[1556443269, 1556441663, 1556441054, 1556440812, 1556438802, 1556436602, 1556434642, 1556433457, 1556431420, 1556431280, 1556430349, 1556430099, 1556429687, 1556429376, 1556429108, 1556427856, 1556427583, 1556427058, 1556424508, 1556424058, 1556264072]
[1556423642, 1556423528, 1556421928, 1556420257, 1556419845, 1556418825, 1556418332, 1556417337, 1556417012, 1556413758, 1556408700, 1556408413, 1556407509, 1556395415, 1556388949, 1556388670, 1556388631, 1556386724, 1556386191, 1556385419, 1556264072]
[1556385401, 1556384381, 1556384242, 1556384179, 1556383953, 1556383421, 1556383162, 1556382099, 1556381927, 1556381862, 1556381282, 1556380639, 1556379799, 1556379680, 1556379410, 1556379230, 1556379087, 1556378370, 1556378294, 1556377919, 1556264072]
[1556375435, 1556375184, 1556372903, 1556372362, 1556370877, 1556369435, 1556369049, 1556368158, 1556367787, 1556367375, 1556367209, 1556366928, 1556365732, 1556363346, 1556363144, 1556362122, 1556362106, 1556361235, 1556361133, 1556359926, 1556264072]
[1556359644, 1556357084, 1556355522, 1556355390, 1556355320, 1556354237, 1556354183, 1556354084, 1556353840, 1556353646, 1556353029, 1556352720, 1556351837, 1556348275, 1556348138, 1556348067, 1556346692, 1556346027, 1556345490, 1556344215, 1556264072]
[1556343869, 1556343732, 1556341285, 1556340676, 1556340527, 1556339208, 1556339040, 1556338637, 1556337589, 1556337333, 1556337224, 1556336967, 1556335571, 1556334078, 1556333547, 1556331328, 1556330515, 1556329933, 1556329730, 1556329394, 1556264072]
[1556329273, 1556329194, 1556329080, 1556328921, 1556327737, 1556326320, 1556325974, 1556325159, 1556324760, 1556322679, 1556321526, 1556321409, 1556319328, 1556318931, 1556318456, 1556315614, 1556315137, 1556313853, 1556312807, 1556311744, 1556264072]
[1556309367, 1556308344, 1556307511, 1556305239, 1556303892, 1556303598, 1556303582, 1556303572, 1556303565, 1556303238, 1556301278, 1556300834, 1556300780, 1556300248, 1556297790, 1556297032, 1556296872, 1556295827, 1556294801, 1556294738, 1556264072]
[1556294662, 1556294128, 1556294126, 1556293648, 1556293642, 1556293462, 1556293427, 1556293340, 1556293270, 1556292596, 1556292566, 1556292286, 1556292022, 1556290628, 1556290485, 1556289594, 1556289007, 1556288568, 1556287523, 1556287513, 1556264072]
[1556286951, 1556285580, 1556285504, 1556285186, 1556284598, 1556284415, 1556283046, 1556282391, 1556282226, 1556282121, 1556282109, 1556282108, 1556281827, 1556281417, 1556281173, 1556280622, 1556280482, 1556280220, 1556279519, 1556279347, 1556264072]
[1556279178, 1556278559, 1556278508, 1556278253, 1556278238, 1556278170, 1556278126, 1556278031, 1556277824, 1556277203, 1556277007, 1556276764, 1556276673, 1556276630, 1556276612, 1556276146, 1556276129, 1556275767, 1556275434, 1556275239, 1556264072]
[1556275042, 1556274983, 1556274978, 1556274899, 1556274831, 1556274659, 1556274611, 1556274593, 1556274527, 1556274514, 1556274195, 1556273495, 1556273481, 1556272632, 1556272479, 1556272471, 1556272461, 1556272344, 1556272150, 1556272142, 1556264072]
[1556271385, 1556270511, 1556270080, 1556270002, 1556269909, 1556269593, 1556269243, 1556268847, 1556268158, 1556267505, 1556267175, 1556266335, 1556266020, 1556265798, 1556265780, 1556265775, 1556265461, 1556265407, 1556265157, 1556264817, 1556264072]
[1556264804, 1556264666, 1556264532, 1556264120, 1556264095, 1556264072, 1556264046, 1556263711, 1556263599, 1556263593, 1556263588, 1556263542, 1556263486, 1556263407, 1556263342, 1556263339, 1556263337, 1556263333, 1556263318, 1556263252, 1556264072]
[1556263251, 1556263239, 1556263215, 1556262971, 1556262653, 1556262425, 1556260041, 1556258416, 1556258201, 1556257992, 1556254336, 1556254152, 1556254027, 1556253222, 1556250583, 1556249851, 1556246614, 1556244067, 1556244064, 1556243547, 1556264072]
[1556242469, 1556241372, 1556241071, 1556240846, 1556240561, 1556239772, 1556239291, 1556236066, 1556235164, 1556233044, 1556232757, 1556231298, 1556228593, 1556228152, 1556226246, 1556221805, 1556221696, 1556220637, 1556218423, 1556216256, 1556264072]
[1556215859, 1556215551, 1556213681, 1556212259, 1556211880, 1556210235, 1556209540, 1556209535, 1556209112, 1556208768, 1556207886, 1556207818, 1556207770, 1556206428, 1556206040, 1556203559, 1556201662, 1556201494, 1556200614, 1556199107, 1556264072]
[1556198601, 1556198504, 1556198412, 1556198135, 1556196401, 1556196014, 1556195801, 1556193785, 1556193693, 1556193541, 1556193485, 1556193022, 1556188280, 1556186835, 1556184668, 1556184456, 1556183611, 1556182180, 1556181821, 1556181547, 1556264072]
[1556180515, 1556180144, 1556179974, 1556178920, 1556178073, 1556177524, 1556177345, 1556175597, 1556175575, 1556174588, 1556173792, 1556172532, 1556170927, 1556170212, 1556169995, 1556169291, 1556168196, 1556168171, 1556167322, 1556166665, 1556264072]
[1556166166, 1556165917, 1556165246, 1556164459, 1556163345, 1556163038, 1556161921, 1556161772, 1556161770, 1556161320, 1556159676, 1556158436, 1556156505, 1556156332, 1556153234, 1556152706, 1556152602, 1556152589, 1556149773, 1556147978, 1556264072]
[1556133686, 1556132067, 1556130614, 1556129885, 1556128277, 1556127935, 1556124713, 1556123942, 1556122920, 1556122332, 1556121943, 1556120976, 1556120814, 1556120751, 1556120544, 1556120076, 1556119651, 1556118561, 1556117869, 1556117107, 1556264072]
[1556116830, 1556116827, 1556115458, 1556115380, 1556111567, 1556111513, 1556111421, 1556110430, 1556109797, 1556109239, 1556107763, 1556107701, 1556107611, 1556106406, 1556105809, 1556105659, 1556105425, 1556104457, 1556103561, 1556100969, 1556264072]
[1556098242, 1556097710, 1556097005, 1556094707, 1556093437, 1556093174, 1556090560, 1556090123, 1556088927, 1556088660, 1556087815, 1556084932, 1556084758, 1556083351, 1556081180, 1556081126, 1556080641, 1556079659, 1556079413, 1556078673, 1556264072]
[1556078629, 1556076484, 1556075874, 1556075421, 1556075084, 1556075060, 1556074669, 1556074373, 1556073680, 1556071163, 1556070963, 1556069989, 1556068588, 1556068159, 1556068047, 1556067955, 1556065823, 1556064731, 1556064589, 1556064494, 1556264072]
[1556060665, 1556060639, 1556059869, 1556057979, 1556053661, 1556053414, 1556048203, 1556044566, 1556044415, 1556043458, 1556042745, 1556040647, 1556039914, 1556036372, 1556036051, 1556035869, 1556034655, 1556034356, 1556033317, 1556032633, 1556264072]
[1556032494, 1556031447, 1556029716, 1556029598, 1556028878, 1556028727, 1556027656, 1556027067, 1556025160, 1556025040, 1556024577, 1556024160, 1556024137, 1556023634, 1556023172, 1556021274, 1556021250, 1556021096, 1556020816, 1556019572, 1556264072]
[1556019371, 1556019215, 1556018050, 1556016282, 1556016122, 1556016050, 1556015286, 1556011250, 1556010849, 1556007535, 1556006618, 1556005172, 1556004553, 1556004480, 1556004340, 1556004155, 1556003613, 1556003119, 1556000502, 1555997609, 1556264072]
[1555997003, 1555996812, 1555994468, 1555994446, 1555994258, 1555992476, 1555991091, 1555990327, 1555990248, 1555987655, 1555987093, 1555985879, 1555983945, 1555982515, 1555981503, 1555978599, 1555974756, 1555967722, 1555962082, 1555961547, 1556264072]
[1555954537, 1555952959, 1555952595, 1555952183, 1555951756, 1555950399, 1555950116, 1555949777, 1555947954, 1555947581, 1555947401, 1555947016, 1555946752, 1555946166, 1555945865, 1555945567, 1555944621, 1555944369, 1555944273, 1555943279, 1556264072]
[1555942791, 1555941997, 1555941313, 1555940604, 1555940236, 1555940107, 1555938152, 1555936542, 1555936505, 1555936370, 1555936347, 1555935695, 1555934378, 1555933616, 1555933360, 1555932778, 1555932138, 1555931900, 1555931734, 1555931545, 1556264072]
[1555931498, 1555931449, 1555931357, 1555930837, 1555928714, 1555926662, 1555926647, 1555926193, 1555926071, 1555925717, 1555925244, 1555925184, 1555923605, 1555923582, 1555923438, 1555923115, 1555922158, 1555921801, 1555921449, 1555921415, 1556264072]
[1555920587, 1555919666, 1555919650, 1555916890, 1555916556, 1555916048, 1555914758, 1555913696, 1555913682, 1555913389, 1555913280, 1555913104, 1555912777, 1555911186, 1555910557, 1555909662, 1555909452, 1555909095, 1555908805, 1555908234, 1556264072]
[1555907082, 1555906726, 1555906720, 1555906471, 1555906249, 1555906181, 1555905214, 1555905175, 1555903697, 1555903692, 1555903665, 1555903580, 1555902780, 1555902107, 1555901929, 1555901767, 1555901109, 1555900985, 1555900214, 1555899657, 1556264072]
[1555899408, 1555899211, 1555898541, 1555897603, 1555891122, 1555889013, 1555887326, 1555887115, 1555879749, 1555877495, 1555872791, 1555871106, 1555869792, 1555869088, 1555867932, 1555867860, 1555867304, 1555866972, 1555866777, 1555866751, 1556264072]
[1555864570, 1555864031, 1555863551, 1555863374, 1555863323, 1555863268, 1555862455, 1555862353, 1555862123, 1555861752, 1555861486, 1555860786, 1555860577, 1555859694, 1555859439, 1555858978, 1555857903, 1555854889, 1555854557, 1555854369, 1556264072]
[1555853900, 1555852297, 1555852277, 1555851067, 1555850985, 1555850493, 1555848728, 1555848501, 1555847584, 1555847434, 1555847177, 1555846352, 1555845727, 1555845243, 1555844685, 1555844063, 1555843353, 1555842081, 1555841974, 1555841660, 1556264072]
[1555840529, 1555839560, 1555839271, 1555838109, 1555836862, 1555836604, 1555836413, 1555836111, 1555836030, 1555835325, 1555834848, 1555834841, 1555833672, 1555832972, 1555832871, 1555831732, 1555831558, 1555830665, 1555830283, 1555829103, 1556264072]
[1555828483, 1555828391, 1555827885, 1555827784, 1555827530, 1555824991, 1555824914, 1555824897, 1555824606, 1555824105, 1555823348, 1555823228, 1555823134, 1555822787, 1555822706, 1555822635, 1555822629, 1555822503, 1555822352, 1555821740, 1556264072]
[1555821513, 1555820220, 1555818732, 1555818543, 1555817366, 1555816665, 1555816550, 1555815935, 1555815390, 1555815071, 1555814733, 1555814360, 1555812661, 1555810134, 1555810004, 1555809483, 1555808151, 1555807712, 1555807297, 1555807135, 1556264072]
[1555806980, 1555806932, 1555805796, 1555805783, 1555805733, 1555804893, 1555804685, 1555804546, 1555804282, 1555803253, 1555792687, 1555792199, 1555790522, 1555788581, 1555786776, 1555785170, 1555785134, 1555785092, 1555784566, 1555783770, 1556264072]
[1555783704, 1555783495, 1555782978, 1555782668, 1555782361, 1555782102, 1555781615, 1555780887, 1555779715, 1555779565, 1555777667, 1555777344, 1555777327, 1555777311, 1555777232, 1555777005, 1555776996, 1555776990, 1555776894, 1555776878, 1556264072]
[1555776718, 1555776634, 1555776461, 1555776369, 1555776211, 1555776017, 1555775958, 1555775813, 1555775487, 1555775460, 1555775023, 1555774890, 1555774745, 1555774730, 1555774659, 1555774520, 1555774444, 1555774316, 1555774304, 1555774198, 1556264072]
[1555773914, 1555772487, 1555772361, 1555772151, 1555772092, 1555772005, 1555771946, 1555771856, 1555771703, 1555771695, 1555770573, 1555770200, 1555769967, 1555769886, 1555769347, 1555769232, 1555768039, 1555767482, 1555767411, 1555766549, 1556264072]
[1555766493, 1555766200, 1555766169, 1555765918, 1555765911, 1555765467, 1555765275, 1555764912, 1555764810, 1555764760, 1555764758, 1555763735, 1555763480, 1555763448, 1555763245, 1555763196, 1555763188, 1555762589, 1555761924, 1555760851, 1556264072]
[1555760355, 1555758085, 1555758045, 1555757937, 1555757895, 1555757777, 1555757677, 1555757496, 1555757358, 1555757135, 1555756796, 1555756554, 1555756195, 1555756187, 1555756083, 1555756035, 1555755911, 1555755451, 1555755187, 1555755170, 1556264072]
[1555754584, 1555754453, 1555754240, 1555753614, 1555751712, 1555751482, 1555751320, 1555750342, 1555750209, 1555750127, 1555750095, 1555749902, 1555749323, 1555749040, 1555748528, 1555748425, 1555748395, 1555747997, 1555747983, 1555747737, 1556264072]
[1555747534, 1555747271, 1555747080, 1555746690, 1555746076, 1555746062, 1555745982, 1555745172, 1555743724, 1555743485, 1555743193, 1555742988, 1555742873, 1555742251, 1555741853, 1555741799, 1555741774, 1555741670, 1555741460, 1555741287, 1556264072]
[1555741259, 1555741182, 1555741034, 1555740478, 1555740227, 1555740225, 1555740201, 1555740040, 1555739782, 1555739379, 1555739358, 1555739289, 1555738910, 1555738876, 1555738815, 1555738549, 1555738444, 1555738343, 1555738311, 1555738255, 1556264072]
[1555737833, 1555737756, 1555737718, 1555737498, 1555737453, 1555737354, 1555737240, 1555737226, 1555737038, 1555736829, 1555736211, 1555736076, 1555735747, 1555735548, 1555735536, 1555735377, 1555734885, 1555734865, 1555734786, 1555734768, 1556264072]
[1555734635, 1555734540, 1555734292, 1555734291, 1555734200, 1555734186, 1555734142, 1555733998, 1555733992, 1555733983, 1555733777, 1555733770, 1555733767, 1555733727, 1555733722, 1555733708, 1555733684, 1555733647, 1555733521, 1555733500, 1556264072]
[1555733465, 1555733408, 1555733360, 1555733360, 1555733348, 1555733306, 1555733297, 1555733257, 1555733251, 1555733227, 1555733219, 1555733216, 1555733202, 1555733197, 1555733161, 1555733146, 1555733116, 1555733065, 1555733047, 1555732859, 1556264072]
[1555732513, 1555732401, 1555732308, 1555731827, 1555731656, 1555731417, 1555731368, 1555731111, 1555731092, 1555731021, 1555730504, 1555730396, 1555730103, 1555729228, 1555729214, 1555728958, 1555728883, 1555728685, 1555728625, 1555728559, 1556264072]
[1555728456, 1555727640, 1555727523, 1555727264, 1555726670, 1555726188, 1555726171, 1555726160, 1555725740, 1555725668, 1555724987, 1555724872, 1555724576, 1555723296, 1555722905, 1555722830, 1555722254, 1555722039, 1555721896, 1555721885, 1556264072]
[1555721823, 1555721379, 1555721299, 1555721070, 1555720961, 1555720243, 1555720086, 1555719405, 1555718099, 1555718032, 1555717447, 1555717412, 1555717136, 1555717079, 1555716615, 1555716604, 1555716553, 1555716065, 1555715606, 1555714736, 1556264072]
[1555714664, 1555714502, 1555714342, 1555713510, 1555713117, 1555713114, 1555713083, 1555712719, 1555710299, 1555710091, 1555708705, 1555707074, 1555704597, 1555703993, 1555703225, 1555702394, 1555702358, 1555702294, 1555701723, 1555700551, 1556264072]
[1555699873, 1555699858, 1555699513, 1555698719, 1555698703, 1555698054, 1555697844, 1555697239, 1555697216, 1555697212, 1555697067, 1555696678, 1555696668, 1555696050, 1555696038, 1555695989, 1555695786, 1555695724, 1555695689, 1555695136, 1556264072]
[1555695028, 1555694939, 1555694924, 1555694680, 1555694432, 1555693894, 1555693857, 1555693233, 1555693174, 1555692591, 1555692461, 1555692101, 1555692075, 1555692017, 1555691891, 1555691841, 1555691739, 1555691597, 1555691522, 1555691486, 1556264072]
[1555691429, 1555691335, 1555691050, 1555691045, 1555691002, 1555690995, 1555690971, 1555690923, 1555690793, 1555690728, 1555690720, 1555690695, 1555690693, 1555690675, 1555690663, 1555690541, 1555690522, 1555690485, 1555690467, 1555690457, 1556264072]
[1555690399, 1555690396, 1555690305, 1555690277, 1555690268, 1555690267, 1555690261, 1555690248, 1555690231, 1555690230, 1555690203, 1555690189, 1555690165, 1555690159, 1555690125, 1555690109, 1555690094, 1555690082, 1555690079, 1555690076, 1556264072]
[1555690072, 1555690044, 1555690036, 1555690006, 1555689996, 1555689990, 1555689982, 1555689979, 1555689975, 1555689967, 1555689965, 1555689963, 1555689953, 1555689943, 1555689941, 1555689937, 1555689934, 1555689932, 1555689931, 1555689931, 1556264072]
[1555689930, 1555689929, 1555689927, 1555689924, 1555689924, 1555689922, 1555689921, 1555689920, 1555689920, 1555689920, 1555689916, 1555689913, 1555689913, 1555689877, 1555689700, 1555689694, 1555689688, 1555688270, 1555685351, 1555685161, 1556264072]
[1555684007, 1555683941, 1555682098, 1555678436, 1555677426, 1555675104, 1555669731, 1555669164, 1555664026, 1555663203, 1555662119, 1555661795, 1555660736, 1555660423, 1555656567, 1555652629, 1555648776, 1555647842, 1555645222, 1555644210, 1556264072]
[1555643339, 1555639177, 1555638144, 1555632233, 1555632064, 1555631790, 1555630562, 1555630438, 1555620532, 1555613755, 1555612152, 1555610565, 1555609762, 1555606779, 1555606279, 1555605856, 1555605480, 1555604890, 1555602758, 1555602277, 1556264072]
[1555599722, 1555599686, 1555599477, 1555599237, 1555599021, 1555598656, 1555598268, 1555595729, 1555595259, 1555592478, 1555590477, 1555589499, 1555586862, 1555584449, 1555583978, 1555583955, 1555578926, 1555578121, 1555577868, 1555575324, 1556264072]
[1555574313, 1555574288, 1555574217, 1555566482, 1555563613, 1555563030, 1555562903, 1555562320, 1555562123, 1555561835, 1555561595, 1555561175, 1555560818, 1555560769, 1555558944, 1555558606, 1555557574, 1555556967, 1555555958, 1555555828, 1556264072]
[1555548073, 1555538725, 1555523237, 1555521438, 1555521372, 1555519831, 1555519527, 1555515299, 1555515160, 1555514278, 1555512217, 1555511711, 1555509632, 1555508083, 1555507437, 1555503447, 1555503135, 1555501290, 1555499234, 1555498577, 1556264072]
[1555497981, 1555497433, 1555497227, 1555495438, 1555494061, 1555492792, 1555492718, 1555492711, 1555491368, 1555491311, 1555491280, 1555491022, 1555490878, 1555489048, 1555485403, 1555484428, 1555483752, 1555483175, 1555483014, 1555472337, 1556264072]
[1555468516, 1555459953, 1555459654, 1555458436, 1555453657, 1555450654, 1555449538, 1555442506, 1555433965, 1555433638, 1555433300, 1555432963, 1555430864, 1555426313, 1555425922, 1555425242, 1555419898, 1555412884, 1555411505, 1555410237, 1556264072]
[1555407493, 1555406831, 1555406349, 1555405832, 1555404589, 1555402975, 1555402741, 1555399951, 1555397863, 1555396955, 1555392665, 1555385860, 1555383894, 1555383853, 1555381173, 1555381102, 1555379024, 1555378897, 1555378277, 1555377197, 1556264072]
[1555375199, 1555369004, 1555365739, 1555350843, 1555349615, 1555349323, 1555347827, 1555340839, 1555334133, 1555333463, 1555328421, 1555325238, 1555319903, 1555308907, 1555306711, 1555305327, 1555292091, 1555286344, 1555285640, 1555262446, 1556264072]
[1555260478, 1555257309, 1555257169, 1555255969, 1555254426, 1555254030, 1555253056, 1555248904, 1555239314, 1555238824, 1555236388, 1555236329, 1555234355, 1555222545, 1555220253, 1555215323, 1555209879, 1555204313, 1555200501, 1555175900, 1556264072]
[1555173207, 1555172695, 1555169806, 1555168047, 1555166408, 1555166002, 1555165820, 1555162361, 1555156029, 1555156015, 1555154963, 1555148735, 1555143898, 1555136132, 1555130991, 1555130465, 1555129413, 1555124044, 1555117217, 1555100163, 1556264072]
[1555085135, 1555073134, 1555071162, 1555069522, 1555063744, 1555060614, 1555052678, 1555037072, 1555036072, 1555004207, 1554999004, 1554996916, 1554996346, 1554991574, 1554991260, 1554987346, 1554980428, 1554974714, 1554973822, 1554973376, 1556264072]
[1554959983, 1554958596, 1554958358, 1554958060, 1554953020, 1554950518, 1554950391, 1554940762, 1554933723, 1554910007, 1554909401, 1554908913, 1554902841, 1554894922, 1554894064, 1554893726, 1554891747, 1554891133, 1554890988, 1554864340, 1556264072]
[1554859688, 1554859485, 1554856548, 1554851831, 1554847348, 1554841420, 1554828701, 1554822447, 1554822033, 1554817997, 1554817351, 1554815802, 1554809329, 1554808078, 1554804559, 1554801063, 1554793085, 1554792819, 1554792457, 1554786176, 1556264072]
[1554780669, 1554778829, 1554776039, 1554769575, 1554763951, 1554736461, 1554735394, 1554730575, 1554726637, 1554726277, 1554724260, 1554722106, 1554721921, 1554718748, 1554717845, 1554716620, 1554716065, 1554706657, 1554702872, 1554698508, 1556264072]
[1554695793, 1554694138, 1554694037, 1554692271, 1554688742, 1554683127, 1554680172, 1554674949, 1554670782, 1554661768, 1554659698, 1554653803, 1554651409, 1554650764, 1554650058, 1554649551, 1554646372, 1554643937, 1554643146, 1554639687, 1556264072]
[1554639332, 1554631705, 1554628792, 1554627692, 1554621471, 1554619610, 1554614086, 1554612744, 1554609820, 1554607390, 1554604805, 1554602229, 1554602021, 1554601635, 1554600478, 1554598224, 1554597125, 1554596745, 1554596659, 1554594239, 1556264072]
[1554591816, 1554589240, 1554583591, 1554572119, 1554571763, 1554571100, 1554570278, 1554568341, 1554568083, 1554563113, 1554561423, 1554558486, 1554557107, 1554552995, 1554552462, 1554551526, 1554551272, 1554551139, 1554550081, 1554547717, 1556264072]
[1554547273, 1554547221, 1554546664, 1554546633, 1554545400, 1554545378, 1554542996, 1554542781, 1554542475, 1554541915, 1554538505, 1554535311, 1554533198, 1554531302, 1554530703, 1554529557, 1554529351, 1554529321, 1554528917, 1554526041, 1556264072]
[1554526021, 1554525834, 1554524855, 1554524365, 1554523943, 1554522048, 1554521908, 1554521762, 1554521672, 1554521531, 1554520112, 1554520009, 1554516143, 1554515919, 1554515461, 1554515248, 1554515219, 1554515173, 1554512371, 1554509974, 1556264072]
[1554509962, 1554509843, 1554509077, 1554508660, 1554508371, 1554507849, 1554507083, 1554504856, 1554491547, 1554490693, 1554486621, 1554486071, 1554484792, 1554484087, 1554481852, 1554480976, 1554480232, 1554480140, 1554480014, 1554480002, 1556264072]
[1554479398, 1554478787, 1554478395, 1554477649, 1554477005, 1554476992, 1554476635, 1554475273, 1554474228, 1554473639, 1554473392, 1554472449, 1554472352, 1554471313, 1554471292, 1554469203, 1554469199, 1554467766, 1554466906, 1554466668, 1556264072]
[1554464901, 1554464135, 1554463041, 1554462819, 1554462382, 1554461971, 1554460536, 1554459415, 1554458430, 1554456796, 1554455882, 1554454110, 1554453971, 1554453808, 1554452469, 1554452378, 1554452213, 1554450529, 1554449890, 1554449146, 1556264072]
[1554448820, 1554446837, 1554445179, 1554443493, 1554443291, 1554443014, 1554442934, 1554442867, 1554442554, 1554442044, 1554441670, 1554441613, 1554441454, 1554441362, 1554441284, 1554441221, 1554441216, 1554441031, 1554440783, 1554440362, 1556264072]
[1554440288, 1554440120, 1554439981, 1554439941, 1554439618, 1554439522, 1554439468, 1554439417, 1554439391, 1554439194, 1554439188, 1554439127, 1554439009, 1554438938, 1554438905, 1554438821, 1554438681, 1554438606, 1554438582, 1554438574, 1556264072]
[1554438542, 1554438536, 1554438443, 1554438405, 1554438312, 1554438294, 1554438267, 1554438236, 1554438168, 1554438085, 1554438017, 1554438003, 1554437984, 1554437859, 1554437770, 1554437752, 1554437398, 1554437298, 1554437201, 1554437164, 1556264072]
[1554437053, 1554436501, 1554436359, 1554435358, 1554435300, 1554434111, 1554433293, 1554432952, 1554432824, 1554432571, 1554432332, 1554432184, 1554431541, 1554430905, 1554430718, 1554430621, 1554430609, 1554430165, 1554428684, 1554428463, 1556264072]
[1554428120, 1554427956, 1554427162, 1554426919, 1554426636, 1554426382, 1554426323, 1554425233, 1554424077, 1554423791, 1554423470, 1554423416, 1554423176, 1554423034, 1554422772, 1554422313, 1554422174, 1554420871, 1554420566, 1554420267, 1556264072]
[1554418103, 1554417224, 1554414918, 1554414002, 1554413246, 1554413036, 1554410464, 1554404926, 1554404061, 1554403245, 1554402892, 1554402791, 1554402677, 1554402647, 1554398896, 1554398016, 1554397009, 1554396852, 1554396748, 1554396675, 1556264072]
[1554396503, 1554395256, 1554395212, 1554395048, 1554394396, 1554394330, 1554394112, 1554393860, 1554393820, 1554393356, 1554392487, 1554391881, 1554390213, 1554386099, 1554385258, 1554384834, 1554384299, 1554383751, 1554383593, 1554383580, 1556264072]
[1554382853, 1554382353, 1554382141, 1554381759, 1554381535, 1554381506, 1554381372, 1554379906, 1554378699, 1554377013, 1554377012, 1554376936, 1554376685, 1554376367, 1554375780, 1554375627, 1554375127, 1554374702, 1554374513, 1554373422, 1556264072]
[1554373180, 1554372336, 1554371137, 1554370584, 1554370032, 1556264072]
