[1557333503, 1557318831, 1557318814, 1557246324, 1557226923, 1557141447, 1557109248, 1557073011, 1557070376, 1557069302, 1557064499, 1557048148, 1557040002, 1557039873, 1557030477, 1557029212, 1557016202, 1557011616, 1557006016, 1556991398]
[1556991317, 1556987839, 1556987428, 1556987291, 1556986992, 1556986942, 1556986713, 1556986466, 1556986140, 1556985938, 1556985678, 1556985653, 1556985630, 1556975984, 1556975940, 1556933836, 1556914337, 1556910788, 1556897073, 1556868167]
[1556813356, 1556803409, 1556782025, 1556737532, 1556721578, 1556710826, 1556710256, 1556691982, 1556636659, 1556616192, 1556559304, 1556545724, 1556541598, 1556535381, 1556520678, 1556513467, 1556511228, 1556510829, 1556474555, 1556467438]
[1556464622, 1556462298, 1556460779, 1556448247, 1556445135, 1556438812, 1556438568, 1556436388, 1556434946, 1556430034, 1556418521, 1556416639, 1556411666, 1556410319, 1556406913, 1556389704, 1556387021, 1556385517, 1556385393, 1556382948]
[1556381219, 1556355095, 1556289244, 1556289239, 1556289228, 1556156605, 1556156449, 1556153016, 1556078038, 1556069649, 1555960658, 1555958194, 1555948209, 1555928113, 1555926288, 1555892744, 1555857883, 1555849554, 1555848007, 1555837650]
[1555829476, 1555824125, 1555817159, 1555811247, 1555809884, 1555806325, 1555783862, 1555783093, 1555779654, 1555779450, 1555778098, 1555776281, 1555776049, 1555776012, 1555775922, 1555775884, 1555759333, 1555752794, 1555705502, 1555688370]
[1555637500, 1555637224, 1555605255, 1555603427, 1555587006, 1555561200, 1555552740, 1555549926, 1555549147, 1555526679, 1555521257, 1555521249, 1555517760, 1555515580, 1555506281, 1555498082, 1555496221, 1555473488, 1555462835, 1555402585]
[1555393636, 1555392745, 1555391813, 1555380029, 1555367878, 1555344214, 1555340183, 1555338721, 1555336839, 1555335649, 1555322881, 1555315663, 1555311349, 1555302553, 1555298809, 1555294771, 1555294179, 1555292864, 1555291490, 1555291048]
[1555287974, 1555285805, 1555259386, 1555257828, 1555254189, 1555253376, 1555251470, 1555251265, 1555247651, 1555246754, 1555242946, 1555241842, 1555239312, 1555235229, 1555232518, 1555224030, 1555221766, 1555219346, 1555217031, 1555216039]
[1555215774, 1555215521, 1555215095, 1555210747, 1555210203, 1555209999, 1555209819, 1555209295, 1555208132, 1555207948, 1555206543, 1555205858, 1555203862, 1555202638, 1555201077, 1555198355, 1555197386, 1555193909, 1555188892, 1555185560]
[1555178795, 1555177965, 1555177327, 1555176169, 1555175548, 1555175175, 1555175082, 1555174016, 1555173873, 1555173791, 1555173465, 1555172856, 1555172278, 1555171912, 1555171519, 1555171327, 1555171314, 1555171272, 1555171252, 1555171230]
[1555171207, 1555171102, 1555166848, 1555147829, 1555123888, 1555068533, 1555032051, 1555001898, 1554971698, 1554949797, 1554946415, 1554926279, 1554904770, 1554855808, 1554832839, 1554824483, 1554787948, 1554786325, 1554775232, 1554740319]
[1554739055, 1554739016, 1554733791, 1554724841, 1554718057, 1554714566, 1554704501, 1554701509, 1554700484, 1554688721, 1554685125, 1554682086, 1554652385, 1554645122, 1554642319, 1554640790, 1554610769, 1554608569, 1554605707, 1554601673]
[1554598027, 1554573982, 1554573893, 1554572803, 1554570081, 1554567909, 1554567712, 1554567517, 1554567079, 1554566857, 1554566632, 1554566368, 1554566363, 1554561470, 1554558901, 1554554553, 1554549665, 1554537847, 1554525758, 1554469448]
[1554466960, 1554458527, 1554430529, 1554426479, 1554421396, 1554407425, 1554377218, 1554353172, 1554337592, 1554307410, 1554306614, 1554304069, 1554303046, 1554301911, 1554299881, 1554297607, 1554293804, 1554292448, 1554286850, 1554284259]
[1554279804, 1554277516, 1554273078, 1554262491, 1554261196, 1554245846, 1554233433, 1554222775, 1554221794, 1554220186, 1554218712, 1554218244, 1554216699, 1554211748, 1554205795, 1554204723, 1554203729, 1554201617, 1554201001, 1554199380]
[1554197713, 1554196427, 1554193536, 1554182319, 1554180305, 1554160693, 1554158316, 1554143090, 1554136885, 1554136042, 1554135817, 1554134434, 1554133675, 1554132668, 1554131854, 1554131707, 1554129562, 1554129187, 1554124666, 1554123065]
[1554122978, 1554120983, 1554120332, 1554119669, 1554119425, 1554118549, 1554118031, 1554117057, 1554116867, 1554115857, 1554115722, 1554114642, 1554114022, 1554113700, 1554113676, 1554113551, 1554112282, 1554112246, 1554112137, 1554109936]
[1554109879, 1554107836, 1554107791, 1554104103, 1554101185, 1554099696, 1554099268, 1554097429, 1554096356, 1554095572, 1554094602, 1554094094, 1554093368, 1554092204, 1554092122, 1554092103, 1554092060, 1554091992, 1554091932, 1554091702]
[1554091698, 1554091658, 1554091520, 1554091487, 1554091401, 1554091369, 1554061205, 1554055052, 1554052277, 1554044492, 1554042796, 1554039852, 1554037846, 1554034290, 1554031029, 1554030330, 1554019905, 1554012181, 1554010933, 1554010424]
[1553992076, 1553980321, 1553969917, 1553966704, 1553964022, 1553963377, 1553962528, 1553962321, 1553961969, 1553961962, 1553961942, 1553961864, 1553961752, 1553954555, 1553874081, 1553869254, 1553792804, 1553788860, 1553703230, 1553645775]
[1553614230, 1553605173, 1553599018, 1553597244, 1553569313, 1553548050, 1553529259, 1553526127, 1553519826, 1553510138, 1553508669, 1553508361, 1553506198, 1553506108, 1553503181, 1553486726, 1553485785, 1553469118, 1553446407, 1553444872]
[1553443814, 1553442544, 1553439610, 1553439072, 1553438643, 1553436665, 1553432077, 1553428527, 1553427483, 1553426529, 1553426520, 1553424714, 1553419223, 1553407503, 1553404897, 1553400117, 1553398947, 1553398934, 1553398267, 1553397701]
[1553397691, 1553392591, 1553391566, 1553391096, 1553390192, 1553388738, 1553388167, 1553382360, 1553381741, 1553376578, 1553366330, 1553366097, 1553365442, 1553363005, 1553362406, 1553360534, 1553359927, 1553358906, 1553357791, 1553357511]
[1553357494, 1553357426, 1553357335, 1553356979, 1553356949, 1553303128, 1553269544, 1553253449, 1553228721, 1553185558, 1553181917, 1553179338, 1553139563, 1553106292, 1553095091, 1553078807, 1553049749, 1553047373, 1553039608, 1553031460]
[1553016157, 1553003347, 1552997630, 1552986055, 1552974747, 1552966108, 1552962930, 1552928681, 1552926598, 1552911080, 1552904083, 1552903778, 1552888209, 1552880392, 1552878206, 1552877994, 1552876547, 1552847077, 1552846813, 1552839663]
[1552839297, 1552838982, 1552838134, 1552837058, 1552836510, 1552834484, 1552834482, 1552832532, 1552830327, 1552829587, 1552821955, 1552820828, 1552819724, 1552819341, 1552817690, 1552815843, 1552807770, 1552801373, 1552801271, 1552801112]
[1552799206, 1552798253, 1552797865, 1552796323, 1552794666, 1552791627, 1552790134, 1552789133, 1552788417, 1552788348, 1552786869, 1552786452, 1552786233, 1552784014, 1552783875, 1552783616, 1552783509, 1552782097, 1552781959, 1552780597]
[1552779745, 1552779330, 1552767577, 1552760055, 1552758846, 1552757952, 1552757698, 1552754899, 1552754794, 1552754754, 1552754347, 1552754262, 1552753862, 1552753327, 1552753233, 1552752905, 1552752782, 1552752334, 1552752263, 1552748017]
[1552745758, 1552737341, 1552730705, 1552711036, 1552663264, 1552573983, 1552568516, 1552520767, 1552495092, 1552491058, 1552486112, 1552484550, 1552452435, 1552449428, 1552448568, 1552431640, 1552424098, 1552412850, 1552406420, 1552406391]
[1552374905, 1552371845, 1552365794, 1552357130, 1552354783, 1552318636, 1552313429, 1552303257, 1552299603, 1552292345, 1552258620, 1552233681, 1552232409, 1552232232, 1552229407, 1552228023, 1552226432, 1552223819, 1552220923, 1552219252]
[1552217764, 1552217625, 1552216207, 1552216174, 1552215263, 1552213631, 1552213319, 1552212426, 1552212089, 1552211987, 1552210593, 1552209089, 1552206431, 1552206018, 1552206002, 1552205856, 1552204305, 1552203014, 1552197774, 1552195723]
[1552194253, 1552193347, 1552192281, 1552190774, 1552190103, 1552189785, 1552189047, 1552188977, 1552186267, 1552186095, 1552185330, 1552181949, 1552175775, 1552172317, 1552161094, 1552153717, 1552153657, 1552152631, 1552151173, 1552150057]
[1552150023, 1552149798, 1552149531, 1552148873, 1552148771, 1552148769, 1552148532, 1552148488, 1552148435, 1552148392, 1552148185, 1552148123, 1552147813, 1552147730, 1552147677, 1552147613, 1552147604, 1552147534, 1552147437, 1552147437]
[1552147371, 1552147339, 1552147303, 1552144981, 1552142480, 1552134584, 1552128876, 1552126319, 1552124384, 1552118127, 1552103475, 1552097335, 1552096114, 1552061079, 1552061065, 1552060999, 1552054816, 1552051747, 1552018163, 1552012720]
[1552001170, 1551991350, 1551986926, 1551971278, 1551967208, 1551958270, 1551955638, 1551918420, 1551911528, 1551866265, 1551866195, 1551847480, 1551847061, 1551834276, 1551831776, 1551807318, 1551796334, 1551793980, 1551773489, 1551771384]
[1551770734, 1551756082, 1551744693, 1551741915, 1551733181, 1551727148, 1551727110, 1551709176, 1551702216, 1551697017, 1551696489, 1551687924, 1551682002, 1551677364, 1551665440, 1551662795, 1551661522, 1551657307, 1551632406, 1551632069]
[1551630658, 1551630577, 1551623893, 1551621123, 1551620013, 1551612112, 1551610339, 1551610248, 1551607554, 1551604970, 1551604515, 1551603685, 1551602453, 1551602235, 1551601177, 1551598005, 1551594400, 1551593575, 1551593559, 1551591770]
[1551590241, 1551587382, 1551586537, 1551586343, 1551583461, 1551583122, 1551583025, 1551582536, 1551581429, 1551580242, 1551578450, 1551577707, 1551574645, 1551569549, 1551567285, 1551562505, 1551559567, 1551555789, 1551552085, 1551551479]
[1551551088, 1551549836, 1551547002, 1551546891, 1551546875, 1551546597, 1551546030, 1551545775, 1551545616, 1551544403, 1551544138, 1551543879, 1551543656, 1551543562, 1551543529, 1551543523, 1551543130, 1551543023, 1551543017, 1551542980]
[1551542857, 1551542826, 1551542790, 1551542724, 1551542724, 1551542717, 1551542645, 1551542644, 1551542637, 1551542549, 1551542493, 1551542466, 1551542461, 1551542426, 1551542343, 1551538723, 1551537943, 1551526199, 1551522803, 1551520277]
[1551519892, 1551518210, 1551514617, 1551505477, 1551497152, 1551491315, 1551476628, 1551465402, 1551453576, 1551452683, 1551450640, 1551437076, 1551428551, 1551424017, 1551409796, 1551408969, 1551406149, 1551404903, 1551369500, 1551366615]
[1551366443, 1551363286, 1551354315, 1551342918, 1551342855, 1551325025, 1551318409, 1551313278, 1551278594, 1551276516, 1551273319, 1551272128, 1551261218, 1551258366, 1551253329, 1551237250, 1551228275, 1551221561, 1551220026, 1551199873]
[1551195974, 1551187872, 1551177469, 1551174062, 1551168142, 1551167570, 1551162109, 1551154355, 1551150056, 1551147302, 1551144377, 1551133172, 1551126833, 1551115586, 1551112191, 1551110106, 1551109672, 1551107423, 1551105989, 1551104547]
[1551104410, 1551073855, 1551073331, 1551072698, 1551068839, 1551058583, 1551028395, 1551027488, 1551026629, 1551026099, 1551021952, 1551019483, 1551018956, 1551018013, 1551017886, 1551015324, 1551014664, 1551010213, 1551008234, 1551007576]
[1551007444, 1551007212, 1551006519, 1551005806, 1550997935, 1550996915, 1550996117, 1550995666, 1550994562, 1550993857, 1550992969, 1550992290, 1550991872, 1550987272, 1550985604, 1550985255, 1550984461, 1550982979, 1550982942, 1550981647]
[1550980604, 1550975335, 1550975234, 1550971796, 1550971714, 1550971560, 1550971524, 1550970799, 1550969173, 1550968994, 1550967508, 1550967082, 1550965960, 1550964320, 1550964314, 1550963619, 1550961603, 1550957325, 1550954045, 1550950010]
[1550949082, 1550948275, 1550945875, 1550945088, 1550944942, 1550944384, 1550943416, 1550942824, 1550942710, 1550941945, 1550941600, 1550941372, 1550941358, 1550940719, 1550940614, 1550940570, 1550940514, 1550940458, 1550940155, 1550939752]
[1550939296, 1550939230, 1550938618, 1550938611, 1550938310, 1550938201, 1550938200, 1550938199, 1550938172, 1550938126, 1550938064, 1550937990, 1550937988, 1550937954, 1550937929, 1550937890, 1550937811, 1550937793, 1550937688, 1550936964]
[1550930515, 1550922079, 1550909228, 1550904190, 1550898877, 1550894981, 1550892134, 1550890581, 1550857493, 1550853752, 1550849505, 1550844963, 1550842159, 1550836495, 1550832568, 1550830271, 1550817598, 1550809230, 1550808127, 1550797387]
[1550782580, 1550778001, 1550777976, 1550766573, 1550765020, 1550755155, 1550731893, 1550723828, 1550717422, 1550714937, 1550684821, 1550684271, 1550679969, 1550679205, 1550671234, 1550670864, 1550667399, 1550664942, 1550649234, 1550643148]
[1550629598, 1550624869, 1550603719, 1550602016, 1550591686, 1550590388, 1550589921, 1550588644, 1550587671, 1550585381, 1550584917, 1550577246, 1550577029, 1550576554, 1550576273, 1550575778, 1550570053, 1550565719, 1550560804, 1550554997]
[1550552798, 1550550987, 1550548746, 1550546638, 1550546182, 1550544589, 1550544339, 1550544326, 1550543806, 1550540973, 1550540211, 1550540131, 1550509286, 1550507603, 1550506719, 1550503243, 1550502898, 1550501657, 1550497624, 1550497569]
[1550496580, 1550495347, 1550492032, 1550491249, 1550490245, 1550486983, 1550486479, 1550486192, 1550485892, 1550485516, 1550483994, 1550482243, 1550481865, 1550480240, 1550476864, 1550476545, 1550476343, 1550472827, 1550470593, 1550468066]
[1550467771, 1550467394, 1550466956, 1550465719, 1550465367, 1550465333, 1550463042, 1550462285, 1550460555, 1550460035, 1550459502, 1550459446, 1550459297, 1550459045, 1550458073, 1550457278, 1550455297, 1550451540, 1550449638, 1550443155]
[1550433503, 1550432046, 1550430917, 1550429920, 1550427472, 1550427377, 1550426587, 1550426246, 1550420812, 1550420664, 1550420218, 1550420152, 1550419418, 1550417742, 1550417423, 1550417190, 1550417017, 1550416397, 1550415735, 1550415400]
[1550415356, 1550414341, 1550413521, 1550413460, 1550413044, 1550411588, 1550411283, 1550411230, 1550411197, 1550411157, 1550409712, 1550408978, 1550408725, 1550407899, 1550407123, 1550407091, 1550406632, 1550406498, 1550404800, 1550404337]
[1550404136, 1550402607, 1550401744, 1550401723, 1550401599, 1550399412, 1550398713, 1550397899, 1550395458, 1550393935, 1550393903, 1550393154, 1550391955, 1550391653, 1550389002, 1550387692, 1550386567, 1550386387, 1550385697, 1550383668]
[1550382164, 1550379650, 1550376428, 1550376392, 1550375001, 1550374385, 1550373610, 1550372867, 1550372328, 1550372058, 1550369714, 1550369560, 1550369488, 1550368535, 1550366582, 1550364803, 1550364445, 1550363861, 1550361626, 1550356775]
[1550356057, 1550355881, 1550346166, 1550344402, 1550343205, 1550342021, 1550341736, 1550341478, 1550340223, 1550338402, 1550338166, 1550337160, 1550336480, 1550336403, 1550336334, 1550336246, 1550335802, 1550334777, 1550334368, 1550334048]
[1550333861, 1550333438, 1550333172, 1550333024, 1550332988, 1550332972, 1550332954, 1550320754, 1550315155, 1550306711, 1550302907, 1550301861, 1550290663, 1550290541, 1550288830, 1550284962, 1550281345, 1550280746, 1550275060, 1550255165]
[1550248372, 1550242749, 1550240883, 1550238757, 1550232851, 1550228834, 1550223842, 1550222613, 1550215761, 1550215562, 1550212345, 1550202377, 1550167306, 1550160252, 1550158947, 1550153833, 1550152725, 1550149564, 1550149413, 1550147891]
[1550145598, 1550145503, 1550144149, 1550143519, 1550140806, 1550137351, 1550127386, 1550122128, 1550120744, 1550117966, 1550116292, 1550112456, 1550111153, 1550110518, 1550109738, 1550105715, 1550088685, 1550085718, 1550085129, 1550083787]
[1550059190, 1549988320, 1549987810, 1549986994, 1549980239, 1549978294, 1549969744, 1549968688, 1549949685, 1549914034, 1549903368, 1549902954, 1549896893, 1549896663, 1549896031, 1549892571, 1549891451, 1549891153, 1549879515, 1549879252]
[1549877745, 1549875463, 1549874304, 1549865657, 1549864691, 1549862729, 1549855031, 1549851799, 1549850163, 1549845733, 1549823315, 1549821723, 1549821529, 1549820727, 1549819689, 1549817446, 1549817108, 1549811329, 1549810534, 1549810026]
[1549809749, 1549808225, 1549805118, 1549804248, 1549804211, 1549803485, 1549800059, 1549797108, 1549795499, 1549794247, 1549793388, 1549790628, 1549790213, 1549789716, 1549789290, 1549786302, 1549784293, 1549781627, 1549781580, 1549781468]
[1549781019, 1549780791, 1549779732, 1549778160, 1549776675, 1549776495, 1549776371, 1549775536, 1549773198, 1549773160, 1549771676, 1549769698, 1549769549, 1549768065, 1549766153, 1549760425, 1549760424, 1549759261, 1549753776, 1549749645]
[1549738167, 1549736961, 1549733474, 1549732907, 1549732842, 1549732753, 1549731812, 1549731222, 1549730987, 1549730955, 1549730832, 1549730272, 1549730189, 1549729902, 1549729296, 1549729135, 1549728438, 1549728428, 1549728362, 1549728188]
[1549728187, 1549728052, 1549728039, 1549728036, 1549727578, 1549725984, 1549719840, 1549719209, 1549718482, 1549714518, 1549694979, 1549691066, 1549683069, 1549658359, 1549646754, 1549636531, 1549620231, 1549620001, 1549612503, 1549608253]
[1549603476, 1549602623, 1549599267, 1549598124, 1549596951, 1549567096, 1549555673, 1549551992, 1549550083, 1549548548, 1549541100, 1549524529, 1549521010, 1549520719, 1549516699, 1549506359, 1549484443, 1549475191, 1549469540, 1549467600]
[1549465049, 1549462364, 1549461921, 1549459775, 1549457201, 1549456910, 1549456544, 1549456303, 1549453710, 1549450855, 1549442023, 1549437991, 1549437098, 1549430317, 1549428932, 1549428016, 1549426196, 1549424722, 1549422225, 1549421140]
[1549421101, 1549420632, 1549417866, 1549417582, 1549410274, 1549394983, 1549393789, 1549385839, 1549384378, 1549384188, 1549383913, 1549382349, 1549379809, 1549379101, 1549378840, 1549376684, 1549375699, 1549375641, 1549375320, 1549374395]
[1549371767, 1549370769, 1549369491, 1549368623, 1549367947, 1549366945, 1549365491, 1549365338, 1549365172, 1549365149, 1549364800, 1549364704, 1549364432, 1549364217, 1549363898, 1549363372, 1549362974, 1549362591, 1549362312, 1549362268]
[1549361971, 1549361026, 1549360703, 1549360185, 1549360137, 1549360061, 1549360045, 1549359830, 1549358279, 1549358169, 1549358088, 1549358087, 1549357029, 1549342502, 1549341740, 1549339633, 1549334931, 1549330977, 1549300275, 1549299583]
[1549297799, 1549297427, 1549297190, 1549295370, 1549290657, 1549278576, 1549270980, 1549269864, 1549266437, 1549266019, 1549263720, 1549260385, 1549258984, 1549258973, 1549258622, 1549258496, 1549246215, 1549245181, 1549233283, 1549223440]
[1549216673, 1549212013, 1549206773, 1549204485, 1549201615, 1549199410, 1549197618, 1549197176, 1549193702, 1549193378, 1549192403, 1549190873, 1549188503, 1549186661, 1549184762, 1549184758, 1549182971, 1549182862, 1549181113, 1549178598]
[1549175564, 1549175298, 1549174506, 1549173539, 1549169864, 1549169647, 1549168509, 1549167395, 1549164298, 1549163947, 1549162838, 1549162423, 1549160160, 1549157351, 1549155051, 1549146295, 1549145757, 1549142514, 1549136234, 1549134407]
[1549133175, 1549132615, 1549131771, 1549130031, 1549128137, 1549126577, 1549125853, 1549125483, 1549125206, 1549125173, 1549124114, 1549123976, 1549123795, 1549123794, 1549123628, 1549123409, 1549123388, 1549123000, 1549121434, 1549120879]
[1549120360, 1549119678, 1549119643, 1549119254, 1549119121, 1549116402, 1549107006, 1549105553, 1549101276, 1549101041, 1549100253, 1549099953, 1549095122, 1549093328, 1549090325, 1549086407, 1549082421, 1549072582, 1549070131, 1549068806]
[1549065683, 1549064057, 1549052186, 1549039019, 1549038532, 1549038231, 1549036814, 1549027109, 1549013790, 1548994817, 1548982159, 1548869364, 1548866424, 1548858455, 1548842624, 1548787464, 1548773317, 1548753419, 1548751770, 1548741879]
[1548734548, 1548733183, 1548733098, 1548717488, 1548710612, 1548691470, 1548680452, 1548663033, 1548654041, 1548637347, 1548631417, 1548611292, 1548605511, 1548604001, 1548602487, 1548601867, 1548600308, 1548599356, 1548596616, 1548595355]
[1548595307, 1548588923, 1548583076, 1548580548, 1548580167, 1548577720, 1548577119, 1548576221, 1548571837, 1548570003, 1548569840, 1548569812, 1548567241, 1548563989, 1548562380, 1548561589, 1548559811, 1548558629, 1548558457, 1548557998]
[1548556913, 1548556776, 1548552997, 1548551739, 1548550984, 1548550753, 1548550549, 1548550450, 1548550445, 1548534071, 1548522885, 1548521545, 1548521250, 1548520750, 1548520234, 1548519685, 1548519036, 1548518938, 1548518847, 1548518679]
[1548518620, 1548518405, 1548518236, 1548517999, 1548495043, 1548482682, 1548443460, 1548427223, 1548419179, 1548416682, 1548412409, 1548355818, 1548343465, 1548335080, 1548331750, 1548318769, 1548314691, 1548311775, 1548278016, 1548269192]
[1548269164, 1548251885, 1548248919, 1548240428, 1548237306, 1548223552, 1548213881, 1548182595, 1548169054, 1548166582, 1548150796, 1548144400, 1548143683, 1548137497, 1548131960, 1548127573, 1548124564, 1548123860, 1548122084, 1548120512]
[1548118485, 1548108017, 1548090071, 1548086383, 1548084104, 1548083650, 1548078448, 1548075457, 1548074108, 1548069216, 1548064489, 1548060026, 1548044488, 1548039587, 1548033498, 1548028663, 1548025795, 1548013466, 1548011150, 1548009116]
[1548005074, 1548003715, 1548001016, 1548000914, 1547999783, 1547998373, 1547997533, 1547995931, 1547995548, 1547995411, 1547994810, 1547994337, 1547993886, 1547993658, 1547993165, 1547992989, 1547988198, 1547987703, 1547984358, 1547983938]
[1547983613, 1547983487, 1547982626, 1547982318, 1547981885, 1547981856, 1547979768, 1547979060, 1547977692, 1547975337, 1547975187, 1547974877, 1547974767, 1547974704, 1547973841, 1547971472, 1547971056, 1547970668, 1547968498, 1547968225]
[1547968092, 1547967938, 1547967693, 1547967087, 1547966837, 1547966427, 1547966311, 1547965720, 1547965109, 1547964801, 1547964020, 1547963333, 1547963105, 1547962296, 1547961567, 1547960414, 1547960336, 1547960313, 1547959130, 1547957800]
[1547956731, 1547956530, 1547954930, 1547954797, 1547954592, 1547954155, 1547953970, 1547953848, 1547953081, 1547952852, 1547952847, 1547952289, 1547952113, 1547951995, 1547951717, 1547951445, 1547951013, 1547950480, 1547948334, 1547948311]
[1547947634, 1547947287, 1547946770, 1547946575, 1547946043, 1547946013, 1547945801, 1547917530, 1547915962, 1547914118, 1547914113, 1547882236, 1547816292, 1547811362, 1547808164, 1547763488, 1547730637, 1547719581, 1547664104, 1547633724]
[1547633048, 1547629806, 1547616021, 1547606038, 1547598015, 1547597967, 1547580500, 1547557504, 1547550455, 1547544419, 1547541688, 1547539530, 1547539047, 1547537987, 1547537346, 1547529129, 1547528298, 1547526227, 1547524707, 1547518572]
[1547497921, 1547494491, 1547491652, 1547483894, 1547474908, 1547473450, 1547468088, 1547465171, 1547465082, 1547464568, 1547463924, 1547458713, 1547455322, 1547454678, 1547444724, 1547442616, 1547442545]
