[1557320486, 1557308915, 1557307373, 1557253497, 1557251569, 1557247254, 1557246289, 1557245568, 1557245033, 1557244843, 1557239493, 1557220361, 1557203234, 1557105704, 1556846106, 1556815883, 1556815068, 1556767114, 1556745767, 1556702678]
[1556699936, 1556683784, 1556645022, 1556642119, 1556641476, 1556621503, 1556585069, 1556518646, 1556389714, 1556360885, 1556299000, 1556274847, 1556259553, 1556204836, 1556198783, 1556082775, 1556074968, 1556063002, 1556061689, 1556054681]
[1556035970, 1556016476, 1555997188, 1555935231, 1555932704, 1555926977, 1555897208, 1555818889, 1555813676, 1555765691, 1555750548, 1555747284, 1555659740, 1555609414, 1555605184, 1555604270, 1555570575, 1555569376, 1555556498, 1555522271]
[1555516433, 1555514144, 1555512315, 1555511992, 1555495696, 1555488074, 1555485080, 1555484801, 1555484781, 1555484050, 1555483865, 1555482814, 1555481867, 1555248114, 1555245035, 1555124576, 1555085398, 1555001376, 1554997315, 1554991072]
[1554987615, 1554962592, 1554919641, 1554894775, 1554888604, 1554873203, 1554864894, 1554859717, 1554855080, 1554837465, 1554826361, 1554826334, 1554826031, 1554809711, 1554793162, 1554790785, 1554687827, 1554637408, 1554630146, 1554538125]
[1554537812, 1554513111, 1554510753, 1554487483, 1554441115, 1554420652, 1554390088, 1554356019, 1554335589, 1554331136, 1554318012, 1554309249, 1554309125, 1554306600, 1554298531, 1554295823, 1554288278, 1554281879, 1554270789, 1554265710]
[1554264394, 1554257392, 1554257357, 1554254137, 1554231485, 1554223004, 1554222192, 1554221533, 1554221106, 1554216681, 1554128041, 1554117352, 1554098623, 1554083735, 1554045702, 1554031544, 1554011847, 1553987377, 1553978726, 1553973797]
[1553964240, 1553955856, 1553952284, 1553920280, 1553914892, 1553914886, 1553906653, 1553883186, 1553787660, 1553770191, 1553764567, 1553762989, 1553736433, 1553730123, 1553709107, 1553701740, 1553690506, 1553676174, 1553674219, 1553649421]
[1553636864, 1553623873, 1553620844, 1553620747, 1553618455, 1553618385, 1553617847, 1553617454, 1553616950, 1553616704, 1553616281, 1553616210, 1553616204, 1553616203, 1553616162, 1553611170, 1553581102, 1553574097, 1553555773, 1553543542]
[1553537423, 1553519360, 1553513022, 1553484775, 1553484026, 1553483134, 1553476924, 1553442275, 1553440864, 1553439688, 1553428418, 1553415887, 1553414341, 1553409866, 1553405014, 1553401988, 1553398374, 1553392815, 1553387351, 1553385759]
[1553385528, 1553360483, 1553358404, 1553351428, 1553344994, 1553340229, 1553329112, 1553325864, 1553317763, 1553315525, 1553312262, 1553311594, 1553277778, 1553271896, 1553271547, 1553269813, 1553260505, 1553252571, 1553251548, 1553245220]
[1553244791, 1553243125, 1553230878, 1553192109, 1553185084, 1553182441, 1553181702, 1553181577, 1553181166, 1553177320, 1553174328, 1553168774, 1553165646, 1553164330, 1553163722, 1553163380, 1553162399, 1553156363, 1553155423, 1553155296]
[1553153757, 1553150273, 1553149498, 1553144459, 1553144046, 1553143033, 1553137379, 1553134583, 1553131531, 1553130862, 1553129641, 1553129470, 1553129077, 1553122751, 1553120103, 1553116774, 1553103997, 1553103457, 1553101170, 1553100666]
[1553099403, 1553098891, 1553098152, 1553096985, 1553094310, 1553093796, 1553093105, 1553092752, 1553091221, 1553090291, 1553089287, 1553087137, 1553086985, 1553086967, 1553086910, 1553085404, 1553084695, 1553083632, 1553083369, 1553081535]
[1553080503, 1553080475, 1553080465, 1553080298, 1553079154, 1553076840, 1553076803, 1553076707, 1553075859, 1553071725, 1553071462, 1553068082, 1553067012, 1553066388, 1553066365, 1553065228, 1553065122, 1553063835, 1553062344, 1553061482]
[1553061290, 1553058857, 1553058092, 1553057696, 1553057302, 1553057122, 1553056783, 1553056723, 1553056616, 1553056414, 1553056015, 1553055480, 1553055384, 1553055133, 1553054494, 1553053389, 1553051498, 1553051169, 1553050719, 1553050526]
[1553050427, 1553050158, 1553049755, 1553049689, 1553049417, 1553049276, 1553049271, 1553047819, 1553047538, 1553045107, 1553044664, 1553042231, 1553041093, 1553040883, 1553038770, 1553037181, 1553035144, 1553034604, 1553030857, 1553030526]
[1553025958, 1553020052, 1553018693, 1553017655, 1553015189, 1553015155, 1553015015, 1553014766, 1553014384, 1553014332, 1553013647, 1553013452, 1553013258, 1553013115, 1553012833, 1553012819, 1553012656, 1553012561, 1553012506, 1553012405]
[1553012327, 1553012016, 1553011999, 1553011965, 1553011745, 1553011548, 1553011500, 1553011487, 1553011384, 1553011370, 1553011367, 1553011364, 1553011347, 1553011269, 1553002205, 1553001308, 1552965487, 1552954696, 1552936311, 1552901471]
[1552898753, 1552892033, 1552883304, 1552872440, 1552851501, 1552847091, 1552833855, 1552833036, 1552833032, 1552825693, 1552803597, 1552791387, 1552790750, 1552776705, 1552755875, 1552750880, 1552750307, 1552749882, 1552747654, 1552740857]
[1552740660, 1552736816, 1552732354, 1552729738, 1552729569, 1552728659, 1552728478, 1552726918, 1552722509, 1552722367, 1552720762, 1552712757, 1552711944, 1552704529, 1552704131, 1552703538, 1552699352, 1552696449, 1552692157, 1552670069]
[1552667666, 1552666489, 1552666100, 1552662898, 1552662412, 1552662257, 1552658432, 1552657566, 1552653964, 1552653459, 1552653410, 1552651810, 1552650984, 1552648920, 1552647682, 1552645514, 1552645075, 1552644715, 1552642515, 1552640545]
[1552639963, 1552639286, 1552637456, 1552636221, 1552633346, 1552629225, 1552629143, 1552628808, 1552625095, 1552624758, 1552624277, 1552623767, 1552622833, 1552615743, 1552614352, 1552606479, 1552604732, 1552603992, 1552586754, 1552585729]
[1552582493, 1552581606, 1552579650, 1552579611, 1552579176, 1552578714, 1552578675, 1552578317, 1552578255, 1552575726, 1552575653, 1552575429, 1552574556, 1552574225, 1552574085, 1552573896, 1552573878, 1552573052, 1552571009, 1552570290]
[1552570178, 1552568381, 1552566987, 1552566674, 1552566064, 1552565264, 1552563625, 1552563557, 1552563124, 1552560850, 1552559029, 1552558989, 1552558964, 1552557235, 1552556798, 1552556560, 1552556128, 1552555426, 1552555317, 1552554311]
[1552553992, 1552553720, 1552553644, 1552551030, 1552550447, 1552550319, 1552549863, 1552546751, 1552545923, 1552543329, 1552543253, 1552542925, 1552541453, 1552541406, 1552540794, 1552540484, 1552540106, 1552540060, 1552539938, 1552539336]
[1552538923, 1552537794, 1552536045, 1552535921, 1552535754, 1552535655, 1552534794, 1552534579, 1552534287, 1552533510, 1552532983, 1552532741, 1552532664, 1552532642, 1552532600, 1552532107, 1552531552, 1552531507, 1552531012, 1552530880]
[1552530472, 1552530184, 1552528214, 1552528181, 1552528098, 1552524885, 1552524148, 1552522527, 1552522350, 1552522060, 1552521294, 1552520795, 1552518298, 1552516940, 1552516507, 1552516326, 1552515572, 1552509848, 1552509063, 1552503541]
[1552503226, 1552502735, 1552501732, 1552501215, 1552500550, 1552500014, 1552499259, 1552498029, 1552497936, 1552497142, 1552496538, 1552496537, 1552496376, 1552496192, 1552496025, 1552496012, 1552495317, 1552495306, 1552495195, 1552494942]
[1552494865, 1552494858, 1552494672, 1552494613, 1552494574, 1552494509, 1552494431, 1552494416, 1552494203, 1552494119, 1552493916, 1552493798, 1552493776, 1552493399, 1552493392, 1552493257, 1552493238, 1552493212, 1552493205, 1552493056]
[1552493047, 1552492933, 1552489226, 1552478430, 1552470106]
