[1557314859, 1557185524, 1557157620, 1557155360, 1557148359, 1557145133, 1557099511, 1557045378, 1556983943, 1556874740, 1556867543, 1556819351, 1556816463, 1556797876, 1556765732, 1556737541, 1556694732, 1556646941, 1556640477, 1556618809]
[1556581854, 1556523672, 1556491564, 1556353629, 1556167611, 1555954272, 1555920376, 1555915220, 1555905494, 1555813827, 1555686774, 1555596734, 1555563472, 1555507612, 1555300429, 1555146073, 1555117374, 1555059264, 1555057619, 1554992812]
[1554988027, 1554983623, 1554983553, 1554976189, 1554821660, 1554799263, 1554797863, 1554794086, 1554790032, 1554780035, 1554697081, 1554694552, 1554682783, 1554618266, 1554596649, 1554564662, 1554540877, 1554507713, 1554501517, 1554497797]
[1554475889, 1554460867, 1554445493, 1554437780, 1554353510, 1554231779, 1554089039, 1554022099, 1553825643, 1553732632, 1553720247, 1553686201, 1553684958, 1553646989, 1553604890, 1553561999, 1553527125, 1553527119, 1553527090, 1553527084]
[1553527076, 1553518109, 1553352851, 1553301321, 1553259771, 1553218097, 1553144763, 1553095750, 1553042227, 1552987969, 1552984471, 1552928811, 1552923080, 1552907600, 1552889928, 1552863510, 1552821498, 1552790260, 1552722344, 1552684828]
[1552661821, 1552645630, 1552626850, 1552611755, 1552574357, 1552570787, 1552488762, 1552438449, 1552402252, 1552388034, 1552384984, 1552311322, 1552290873, 1552194707, 1552183667, 1552182283, 1552129765, 1552120472, 1552112247, 1552109849]
[1552101430, 1552101387, 1552097315, 1552096780, 1552031824, 1552019473, 1551811822, 1551786600, 1551738070, 1551712768, 1551708248, 1551634597, 1551630690, 1551617715, 1551606691, 1551595705, 1551573057, 1551564076, 1551533020, 1551527947]
[1551505128, 1551499910, 1551460718, 1551447223, 1551446686, 1551442879, 1551428035, 1551426293, 1551420232, 1551410887, 1551391178, 1551380941, 1551335608, 1551308423, 1551263962, 1551260498, 1551237909, 1551223858, 1551175157, 1551153788]
[1551147098, 1551136064, 1551110442, 1551104709, 1551094208, 1551093013, 1551088094, 1551058865, 1551023564, 1550994688, 1550887904, 1550865906, 1550840537, 1550806905, 1550746988, 1550742277, 1550628246, 1550589007, 1550579662, 1550575806]
[1550494990, 1550492293, 1550490806, 1550484735, 1550464976, 1550460772, 1550454061, 1550440738, 1550422314, 1550420038, 1550401737, 1550400745, 1550400740, 1550366886, 1550336485, 1550301220, 1550287182, 1550277572, 1550260517, 1550230777]
[1550216661, 1550216600, 1550202880, 1550160416, 1550139477, 1550136427, 1550130999, 1550129827, 1550075126, 1550068499, 1550068330, 1550066883, 1550033894, 1549982681, 1549981391, 1549940221, 1549934527, 1549901070, 1549899304, 1549896558]
[1549894622, 1549886366, 1549869117, 1549861006, 1549824975, 1549819105, 1549808206, 1549804753, 1549799512, 1549795243, 1549774982, 1549770559, 1549742221, 1549714638, 1549691839, 1549691815, 1549689423, 1549681208, 1549655720, 1549643409]
[1549642187, 1549625327, 1549583536, 1549581422, 1549566255, 1549549153, 1549548379, 1549542485, 1549528151, 1549509166, 1549501795, 1549498875, 1549498816, 1549479506, 1549460315, 1549455499, 1549454252, 1549446336, 1549425207, 1549408528]
[1549399081, 1549383543, 1549371887, 1549366715, 1549363184, 1549347787, 1549336257, 1549335720, 1549335006, 1549322922, 1549310236, 1549301715, 1549297078, 1549296227, 1549287270, 1549267448, 1549250065, 1549249887, 1549215452, 1549214394]
[1549212851, 1549193363, 1549163030, 1549105107, 1549095058, 1549082071, 1549078392, 1549072797, 1549038991, 1549038757, 1549036917, 1549030487, 1549030205, 1549020362, 1549017165, 1548992607, 1548971982, 1548923916, 1548859862, 1548859494]
[1548808637, 1548736207, 1548735481, 1548687961, 1548454743, 1548418134, 1548398374, 1548384667, 1548361162, 1548359284, 1548340965, 1548221270, 1548142162, 1548114735, 1547985681, 1547885984, 1547859603, 1547850014, 1547823244, 1547807936]
[1547803820, 1547778976, 1547777777, 1547742437, 1547729616, 1547699030, 1547695568, 1547650497, 1547598651, 1547557013, 1547509861, 1547459062, 1547456971, 1547447146, 1547408307, 1547403423, 1547231100, 1547224504, 1547189684, 1547129361]
[1547129067, 1547125202, 1547123987, 1547113593, 1547109519, 1547108774, 1547099377, 1547097087, 1547073477, 1546875330, 1546857142, 1546849909, 1546849836, 1546836772, 1546798094, 1546784883, 1546739778, 1546739490, 1546703864, 1546692579]
[1546665731, 1546651815, 1546635847, 1546606189, 1546597313, 1546596989, 1546587419, 1546585892, 1546578011, 1546556921, 1546539622, 1546529119, 1546522328, 1546519617, 1546484093, 1546442504, 1546422549, 1546394342, 1546355809, 1546329217]
[1546326057, 1546303151, 1546287159, 1546266266, 1546232784, 1546232672, 1546218504, 1546181691, 1546174559, 1546164304, 1546149261, 1546144818, 1546071080, 1546010497, 1546009887, 1545970992, 1545888141, 1545577988, 1545416548, 1545399370]
[1545387344, 1545383924, 1545353349, 1545225292, 1545225259, 1545225238, 1544767546, 1544752380, 1544723045, 1544633763, 1544633004, 1544372785, 1544253269, 1544252974, 1544246568, 1544227499, 1544178844, 1544174404, 1544166312, 1544164141]
[1544161371, 1544159995, 1544151619, 1544151577, 1544008615, 1543957851, 1543769521, 1543755835, 1543748843, 1543731767, 1543663519, 1543651319, 1543626281, 1543544765, 1543536606, 1543522737, 1543322948, 1543137179, 1543066357, 1543029982]
[1543008183, 1542856661, 1542787729, 1542735290, 1542726637, 1542641037, 1542636587, 1542294898, 1542288078, 1542194038, 1542180836, 1542171924, 1542153885, 1542121620, 1542119278, 1542119161, 1542116548, 1542113792, 1542107195, 1542106597]
[1542103565, 1542101016, 1542100626, 1542097960, 1542097792, 1542096318, 1542092422, 1542092047, 1542075571, 1542045102, 1542038873, 1542035054, 1542021305, 1542019789]
