[1557331735, 1557330811, 1557043348, 1556980362, 1556947829, 1556946177, 1556875881, 1556875491, 1556790796, 1556762643, 1556722906, 1556698286, 1556690153, 1556674429, 1556502982, 1556460727, 1556449021, 1556444066, 1556393361, 1556383508]
[1556381476, 1556279719, 1556271574, 1556248792, 1556231631, 1556223174, 1556173208, 1556144759, 1556117205, 1556111424, 1556108087, 1556106134, 1556105828, 1556105283, 1556093980, 1556082670, 1556080738, 1556078986, 1556064940, 1556059265]
[1556039040, 1556038545, 1556037883, 1556037523, 1556037502, 1556036075, 1556035829, 1556035754, 1556033600, 1556033280, 1556029324, 1556026398, 1556025475, 1556021946, 1556021009, 1556019771, 1556018388, 1556016906, 1556015475, 1556013275]
[1556012432, 1556011588, 1556010588, 1556008717, 1556008657, 1556005527, 1556004548, 1556003626, 1556003376, 1556003095, 1556002804, 1556002744, 1556001967, 1556001806, 1556001801, 1556001700, 1556001610, 1556001461, 1556000882, 1556000869]
[1556000866, 1556000852, 1556000803, 1556000790, 1556000422, 1556000274, 1556000121, 1556000092, 1556000071, 1556000062, 1556000024, 1555999956, 1555999915, 1555999758, 1555999732, 1555999710, 1555999640, 1555999427, 1555999370, 1555999358]
[1555999328, 1555999272, 1555999268, 1555999256, 1555999204, 1555999113, 1555999022, 1555999014, 1555998989, 1555998893, 1555998809, 1555998786, 1555998652, 1555998583, 1555998571, 1555998570, 1555998524, 1555998333, 1555998318, 1555998193]
[1555998133, 1555998129, 1555998083, 1555997999, 1555997992, 1555997975, 1555997970, 1555997966, 1555997927, 1555997821, 1555997778, 1555997775, 1555997728, 1555997484, 1555997407, 1555997378, 1555997370, 1555997333, 1555997297, 1555997283]
[1555997220, 1555997191, 1555997137, 1555997108, 1555997035, 1555997016, 1555997005, 1555996951, 1555996686, 1555996499, 1555996475, 1555996453, 1555996418, 1555996385, 1555996349, 1555996328, 1555996322, 1555996293, 1555996257, 1555996213]
[1555996170, 1555996158, 1555996144, 1555996091, 1555996041, 1555996037, 1555995998, 1555995984, 1555995951, 1555995936, 1555995874, 1555995860, 1555995833, 1555995808, 1555995762, 1555995754, 1555995708, 1555995692, 1555995690, 1555995667]
[1555995633, 1555995605, 1555995587, 1555995548, 1555995503, 1555995475, 1555995463, 1555995451, 1555995344, 1555995253, 1555995249, 1555995127, 1555995080, 1555995050, 1555995043, 1555995004, 1555994886, 1555994872, 1555994849, 1555994831]
[1555994755, 1555994752, 1555994746, 1555994721, 1555994711, 1555994646, 1555994504, 1555994454, 1555994445, 1555994441, 1555994374, 1555994371, 1555994338, 1555994301, 1555994143, 1555994139, 1555994128, 1555994079, 1555994073, 1555994048]
[1555994043, 1555994005, 1555993974, 1555993954, 1555993950, 1555993950, 1555993890, 1555993879, 1555993870, 1555993862, 1555993842, 1555993836, 1555993808, 1555993805, 1555993801, 1555993601, 1555993597, 1555993526, 1555993517, 1555993515]
[1555993505, 1555993449, 1555993393, 1555993350, 1555993336, 1555993335, 1555993328, 1555993323, 1555993289, 1555993270, 1555993229, 1555993221, 1555993207, 1555993153, 1555993151, 1555993094, 1555993090, 1555993084, 1555993083, 1555993052]
[1555993042, 1555993034, 1555993023, 1555993016, 1555992989, 1555992917, 1555992861, 1555992840, 1555992828, 1555992790, 1555992777, 1555992776, 1555992767, 1555992765, 1555992764, 1555992757, 1555992744, 1555992680, 1555992666, 1555992659]
[1555992612, 1555992602, 1555992559, 1555992552, 1555992551, 1555992548, 1555992546, 1555992540, 1555992509, 1555992500, 1555992412, 1555992374, 1555992370, 1555992245, 1555992242, 1555992236, 1555992200, 1555992197, 1555992195, 1555992132]
[1555992114, 1555992108, 1555992065, 1555992038, 1555992030, 1555991941, 1555991912, 1555991911, 1555990835, 1555990666, 1555989835, 1555989579, 1555987096, 1555985594, 1555985477, 1555983446, 1555981394, 1555979575, 1555977926, 1555973916]
[1555973340, 1555971525, 1555969666, 1555960687, 1555959136, 1555957349, 1555949909, 1555949076, 1555933413, 1555897505, 1555849598, 1555833673, 1555751270, 1555539526, 1555502001, 1555465142, 1555426532, 1555343240, 1555337139, 1555326630]
[1555265084, 1555262080, 1555256137, 1555240816, 1555236397, 1555217542, 1555203661, 1555150838, 1555078221, 1555004309, 1554979622, 1554956531, 1554945167, 1554821177, 1554787657, 1554769831, 1554740030, 1554738176, 1554732257, 1554684634]
[1554680965, 1554627195, 1554626805, 1554610169, 1554578858, 1554514006, 1554484718, 1554468073, 1554388802, 1554374610, 1554335171, 1554271719, 1554254016, 1554183893, 1554175755, 1554129747, 1554124310, 1553994955, 1553966673, 1553960569]
[1553940289, 1553926869, 1553920483, 1553910767, 1553879649, 1553868340, 1553835447, 1553809447, 1553776749, 1553733528, 1553699792, 1553698889, 1553698528, 1553691997, 1553674610, 1553673517, 1553672535, 1553657063, 1553652619, 1553650396]
[1553616529, 1553614546, 1553606166, 1553604939, 1553597278, 1553597141, 1553583918, 1553576498, 1553571083, 1553570270, 1553534715, 1553527335, 1553525788, 1553525764, 1553524982, 1553498876, 1553490347, 1553488726, 1553487466, 1553485360]
[1553480629, 1553470425, 1553446909, 1553446705, 1553436250, 1553429556, 1553428638, 1553424002, 1553421552, 1553420971, 1553415339, 1553415287, 1553411844, 1553411619, 1553408566, 1553408264, 1553407349, 1553406579, 1553404354, 1553402195]
[1553400722, 1553397891, 1553397872, 1553391644, 1553391537, 1553389795, 1553388885, 1553384591, 1553382868, 1553382136, 1553365886, 1553363252, 1553362652, 1553361434, 1553361367, 1553361097, 1553360944, 1553359355, 1553358537, 1553358067]
[1553356529, 1553355235, 1553353924, 1553353619, 1553351561, 1553351339, 1553351008, 1553350649, 1553349364, 1553349034, 1553344278, 1553343787, 1553342381, 1553341719, 1553339989, 1553338530, 1553338498, 1553337628, 1553336199, 1553335445]
[1553335387, 1553335125, 1553334591, 1553333990, 1553333949, 1553333269, 1553333094, 1553333060, 1553332743, 1553332437, 1553331890, 1553331229, 1553329959, 1553329612, 1553329596, 1553329078, 1553329031, 1553328589, 1553328572, 1553327920]
[1553326765, 1553326568, 1553325126, 1553324772, 1553323959, 1553323297, 1553322950, 1553322711, 1553322477, 1553321864, 1553321532, 1553321495, 1553321457, 1553321408, 1553321177, 1553320743, 1553319951, 1553319935, 1553319493, 1553319420]
[1553319297, 1553319236, 1553319145, 1553318974, 1553318266, 1553318130, 1553318100, 1553318079, 1553317866, 1553317292, 1553317168, 1553317164, 1553317006, 1553316894, 1553316038, 1553315791, 1553315573, 1553315364, 1553315310, 1553314986]
[1553314916, 1553313984, 1553312566, 1553311587, 1553311326, 1553311127, 1553310681, 1553310012, 1553309988, 1553309121, 1553308891, 1553308770, 1553308646, 1553308453, 1553308288, 1553308131, 1553308105, 1553307948, 1553307568, 1553307543]
[1553307320, 1553307245, 1553307197, 1553307050, 1553306731, 1553306630, 1553306516, 1553306504, 1553304562, 1553302355, 1553301875, 1553301862, 1553299422, 1553297904, 1553295938, 1553292796, 1553274875, 1553271140, 1553270870, 1553268131]
[1553252122, 1553247540, 1553237172, 1553222108, 1553195747, 1553184729, 1553172932, 1553169976, 1553054114, 1553047401, 1553016024, 1553009471, 1552992153, 1552928675, 1552896386, 1552882172, 1552825765, 1552813093, 1552810065, 1552794851]
[1552740160, 1552735811, 1552726700, 1552712408, 1552662004, 1552618387, 1552567443, 1552561742, 1552543376, 1552491026, 1552490639, 1552477681, 1552477339, 1552451696, 1552437252, 1552432881, 1552425562, 1552407851, 1552364562, 1552321550]
[1552299779, 1552286444, 1552278095, 1552271255, 1552269612, 1552267929, 1552264137, 1552235946, 1552234211, 1552232140, 1552225213, 1552220001, 1552210795, 1552189335, 1552187165, 1552177935, 1552150715, 1552146640, 1552146378, 1552146333]
[1552138616, 1552138380, 1552130174, 1552128379, 1552128358, 1552127608, 1552122328, 1552109569, 1552108793, 1552101617, 1552064480, 1552055648, 1552033593, 1552024464, 1552024206, 1551981650, 1551971034, 1551956598, 1551944717, 1551931867]
[1551923547, 1551889931, 1551887373, 1551852333, 1551845773, 1551828707, 1551809318, 1551806039, 1551800163, 1551795578, 1551788351, 1551784735, 1551762616, 1551755751, 1551751194, 1551741990, 1551721837, 1551713370, 1551679396, 1551673615]
[1551671375, 1551667375, 1551662250, 1551661620, 1551629684, 1551620202, 1551618893, 1551606719, 1551606116, 1551603546, 1551602803, 1551598256, 1551591540, 1551590885, 1551583994, 1551583534, 1551581039, 1551576010, 1551549677, 1551541980]
[1551541296, 1551531268, 1551529068, 1551523642, 1551523023, 1551499094, 1551498404, 1551492596, 1551492260, 1551490192, 1551458593, 1551453431, 1551446311, 1551445486, 1551441547, 1551440094, 1551433978, 1551433957, 1551433761, 1551432441]
[1551427580, 1551426339, 1551422654, 1551419517, 1551417392, 1551415463, 1551402516, 1551365850, 1551339288, 1551338420, 1551328424, 1551328411, 1551321693, 1551321212, 1551321013, 1551286261, 1551285375, 1551282903, 1551282375, 1551276895]
[1551275266, 1551273816, 1551269276, 1551266875, 1551265738, 1551263813, 1551259059, 1551248278, 1551243352, 1551242893, 1551240533, 1551239287, 1551237323, 1551233831, 1551233048, 1551225682, 1551217167, 1551209621, 1551202529, 1551201665]
[1551201234, 1551200434, 1551200341, 1551200192, 1551199848, 1551198954, 1551198879, 1551197712, 1551197371, 1551196953, 1551193385, 1551190219, 1551187388, 1551187049, 1551180884, 1551176104, 1551176013, 1551174817, 1551174621, 1551172106]
[1551160056, 1551159327, 1551153179, 1551150739, 1551148977, 1551148646, 1551148361, 1551147518, 1551146744, 1551145824, 1551144196, 1551137940, 1551131346, 1551124634, 1551119012, 1551118085, 1551117474, 1551116745, 1551116684, 1551116545]
[1551116392, 1551115870, 1551113737, 1551113584, 1551108147, 1551107663, 1551106315, 1551103172, 1551102282, 1551102198, 1551101885, 1551101284, 1551101161, 1551098983, 1551092982, 1551092633, 1551092360, 1551091553, 1551091047, 1551090454]
[1551088238, 1551084517, 1551081423, 1551080032, 1551079556, 1551075242, 1551074683, 1551074001, 1551073090, 1551072883, 1551072540, 1551071125, 1551070414, 1551070185, 1551069705, 1551069139, 1551068886, 1551068725, 1551065506, 1551064036]
[1551063035, 1551062667, 1551060021, 1551058392, 1551054256, 1551050419, 1551037818, 1551036843, 1551035709, 1551035313, 1551032586, 1551031739, 1551031410, 1551030803, 1551030123, 1551028267, 1551025303, 1551024788, 1551024258, 1551024105]
[1551024057, 1551023466, 1551023242, 1551022056, 1551021566, 1551021088, 1551021038, 1551020952, 1551020135, 1551019535, 1551018460, 1551017917, 1551017160, 1551017092, 1551015560, 1551015541, 1551014465, 1551014390, 1551013777, 1551013702]
[1551012743, 1551007540, 1551006986, 1551005697, 1551005601, 1551005108, 1551005048, 1551004970, 1551004510, 1551004142, 1550999308, 1550997864, 1550997591, 1550997261, 1550996896, 1550995212, 1550992855, 1550992253, 1550992196, 1550992039]
[1550991978, 1550990651, 1550987588, 1550987383, 1550987324, 1550987080, 1550986453, 1550985135, 1550984743, 1550984667, 1550984621, 1550984238, 1550984118, 1550983553, 1550983276, 1550983103, 1550982982, 1550982860, 1550982135, 1550981784]
[1550981538, 1550981482, 1550981411, 1550980966, 1550979699, 1550979229, 1550978896, 1550978821, 1550978742, 1550978519, 1550978272, 1550976437, 1550976076, 1550975826, 1550975082, 1550974886, 1550974550, 1550973249, 1550972767, 1550972488]
[1550972465, 1550972379, 1550972327, 1550972239, 1550971416, 1550970894, 1550970404, 1550970213, 1550968404, 1550967453, 1550966312, 1550965891, 1550964927, 1550964477, 1550964089, 1550963991, 1550962652, 1550962331, 1550960347, 1550952673]
[1550948265, 1550948143, 1550945645, 1550944628, 1550944367, 1550944182, 1550943983, 1550943712, 1550943091, 1550942961, 1550942762, 1550942228, 1550942102, 1550942096, 1550941025, 1550940472, 1550940247, 1550939899, 1550939824, 1550939784]
[1550939514, 1550938454, 1550938441, 1550938255, 1550938019, 1550937607, 1550937324, 1550937237, 1550937227, 1550937191, 1550937163, 1550937065, 1550936980, 1550936911, 1550936590, 1550936417, 1550936415, 1550936105, 1550935902, 1550935866]
[1550935470, 1550935205, 1550935016, 1550934388, 1550934236, 1550934216, 1550934156, 1550934101, 1550934093, 1550934053, 1550933904, 1550933726, 1550933265, 1550932978, 1550932714, 1550932672, 1550932617, 1550932584, 1550932231, 1550932187]
[1550932131, 1550931869, 1550931458, 1550931386, 1550931148, 1550930931, 1550930711, 1550930451, 1550930184, 1550929619, 1550929052, 1550928750, 1550928731, 1550928710, 1550928705, 1550928438, 1550928413, 1550928327, 1550928286, 1550927951]
[1550927802, 1550927690, 1550927473, 1550927456, 1550927270, 1550927181, 1550927176, 1550926990, 1550926865, 1550926861, 1550926701, 1550926260, 1550925837, 1550925424, 1550925347, 1550924905, 1550924558, 1550924264, 1550924090, 1550924001]
[1550923844, 1550923547, 1550923395, 1550923170, 1550922916, 1550922724, 1550922287, 1550921965, 1550921884, 1550921714, 1550921430, 1550921371, 1550921319, 1550921253, 1550921090, 1550920646, 1550920596, 1550920563, 1550920517, 1550920447]
[1550920429, 1550920349, 1550920099, 1550919992, 1550919967, 1550919633, 1550918995, 1550918792, 1550918722, 1550918720, 1550917906, 1550917773, 1550917757, 1550917754, 1550917549, 1550917284, 1550916741, 1550916221, 1550916198, 1550916151]
[1550916090, 1550915678, 1550915657, 1550915564, 1550915458, 1550915268, 1550915212, 1550915064, 1550915050, 1550914993, 1550914723, 1550914559, 1550914555, 1550914320, 1550914267, 1550914234, 1550914038, 1550914035, 1550914000, 1550913774]
[1550913727, 1550913644, 1550913529, 1550913306, 1550913252, 1550913136, 1550913082, 1550912899, 1550912881, 1550912432, 1550912389, 1550912351, 1550912328, 1550912310, 1550912054, 1550912023, 1550911999, 1550911799, 1550911666, 1550911629]
[1550911314, 1550911233, 1550911184, 1550911163, 1550911149, 1550911114, 1550911058, 1550910949, 1550910846, 1550910630, 1550910528, 1550910430, 1550910011, 1550909916, 1550909865, 1550909741, 1550909731, 1550909703, 1550909679, 1550909532]
[1550909277, 1550908903, 1550908538, 1550908491, 1550908421, 1550908358, 1550908261, 1550908247, 1550908240, 1550908228, 1550907976, 1550907901, 1550907901, 1550907883, 1550907807, 1550907775, 1550907588, 1550907582, 1550907516, 1550907493]
[1550907407, 1550907330, 1550907294, 1550907240, 1550907230, 1550907167, 1550907125, 1550907060, 1550907058, 1550907008, 1550906927, 1550906778, 1550906412, 1550906248, 1550906222, 1550906144, 1550906065, 1550905990, 1550905610, 1550905295]
[1550905011, 1550904938, 1550904760, 1550904657, 1550904446, 1550904388, 1550904307, 1550904295, 1550904294, 1550904251, 1550904121, 1550904011, 1550903896, 1550903862, 1550903731, 1550903722, 1550903695, 1550903528, 1550903516, 1550903319]
[1550903288, 1550903198, 1550903158, 1550902822, 1550902712, 1550902690, 1550902585, 1550902306, 1550902280, 1550902218, 1550902155, 1550902140, 1550902081, 1550901763, 1550901755, 1550901736, 1550901647, 1550901590, 1550901590, 1550901576]
[1550901477, 1550901408, 1550901344, 1550901264, 1550901252, 1550901182, 1550901182, 1550901132, 1550901119, 1550901088, 1550900741, 1550900679, 1550900656, 1550900607, 1550900573, 1550900371, 1550900269, 1550900184, 1550900037, 1550899756]
[1550899632, 1550899578, 1550899577, 1550899512, 1550899412, 1550899387, 1550899305, 1550899305, 1550899040, 1550898984, 1550898967, 1550898878, 1550898863, 1550898813, 1550898746, 1550898442, 1550898167, 1550897800, 1550897274, 1550897272]
[1550897246, 1550897160, 1550897122, 1550897067, 1550896909, 1550896832, 1550896781, 1550896726, 1550896431, 1550896184, 1550896139, 1550896066, 1550895967, 1550895871, 1550895854, 1550895682, 1550895678, 1550895501, 1550895468, 1550895409]
[1550895266, 1550895225, 1550895196, 1550895186, 1550895157, 1550895125, 1550895094, 1550894981, 1550894701, 1550894700, 1550894532, 1550894474, 1550894467, 1550893454, 1550893244, 1550892855, 1550892467, 1550890771, 1550888813, 1550865990]
[1550858089, 1550851538, 1550850809, 1550846917, 1550845062, 1550844415, 1550813038, 1550812128, 1550808563, 1550770978, 1550770077, 1550766029, 1550761136, 1550751008, 1550738155, 1550735843, 1550716159, 1550715351, 1550678896, 1550638549]
[1550637805, 1550625235, 1550606609, 1550605694, 1550592573, 1550591023, 1550579823, 1550574949, 1550489119, 1550478591, 1550476269, 1550455399, 1550428908, 1550419663, 1550407623, 1550390571, 1550382088, 1550380270, 1550372672, 1550348488]
[1550337038, 1550335341, 1550302240, 1550298406, 1550245955, 1550227949, 1550225707, 1550224927, 1550222971, 1550218184, 1550213041, 1550163530, 1550158901, 1550128834, 1550127355, 1550123660, 1550065546, 1550059553, 1550056447, 1550035498]
[1550002159, 1549984837, 1549983997, 1549954177, 1549945627, 1549942766, 1549902277, 1549876019, 1549875220, 1549850073, 1549850017, 1549849551, 1549820151, 1549819292, 1549816182, 1549804755, 1549800318, 1549792345, 1549777621, 1549772280]
[1549722740, 1549719217, 1549712371, 1549685663, 1549675834, 1549669488, 1549645440, 1549611466, 1549598176, 1549589489, 1549589327, 1549588548, 1549561763, 1549559610, 1549553907, 1549545279, 1549543242, 1549521183, 1549513274, 1549455811]
[1549442906, 1549435604, 1549426476, 1549423985, 1549421991, 1549420878, 1549401221, 1549387685, 1549384195, 1549382840, 1549378206, 1549365335, 1549355558, 1549331561, 1549292289, 1549290146, 1549272577, 1549252423, 1549245910, 1549222350]
[1549211600, 1549204693, 1549172261, 1549170713, 1549168194, 1549160044, 1549157331, 1549132921, 1549127650, 1549120501, 1549101853, 1549100701, 1549097472, 1549093703, 1549087261, 1549083558, 1549074170, 1549071435, 1549060824, 1549050622]
[1549040004, 1549036836, 1549026295, 1549025604, 1549006060, 1548962705, 1548955983, 1548951480, 1548951264, 1548948487, 1548926944, 1548926522, 1548925861, 1548920175, 1548905080, 1548904992, 1548899807, 1548877981, 1548876339, 1548860560]
[1548832419, 1548827120, 1548826804, 1548822625, 1548796450, 1548779718, 1548777109, 1548775536, 1548773289, 1548769811, 1548766902, 1548764290, 1548743501, 1548738148, 1548736267, 1548697310, 1548692490, 1548687484, 1548687244, 1548686635]
[1548683461, 1548665959, 1548652943, 1548615131, 1548612660, 1548607417, 1548602558, 1548599327, 1548565826, 1548565379, 1548555106, 1548548949, 1548515447, 1548512661, 1548511723, 1548511531, 1548508361, 1548506215, 1548496446, 1548493429]
[1548490334, 1548483140, 1548479673, 1548477607, 1548464203, 1548460492, 1548458325, 1548454143, 1548438795, 1548438438, 1548435455, 1548435173, 1548431940, 1548431514, 1548428184, 1548427089, 1548422448, 1548421768, 1548420359, 1548420035]
[1548418608, 1548417661, 1548413341, 1548408424, 1548404085, 1548398479, 1548391699, 1548387552, 1548387090, 1548384400, 1548382367, 1548382293, 1548381466, 1548379233, 1548376496, 1548349660, 1548349008, 1548339359, 1548330810, 1548329279]
[1548328861, 1548326988, 1548323085, 1548321379, 1548321139, 1548320931, 1548320179, 1548317854, 1548315544, 1548314395, 1548313152, 1548309948, 1548306996, 1548305863, 1548305819, 1548305486, 1548305283, 1548304176, 1548302604, 1548301945]
[1548301896, 1548301645, 1548301358, 1548298033, 1548296774, 1548295856, 1548295435, 1548294375, 1548293752, 1548293740, 1548293170, 1548293019, 1548292637, 1548292206, 1548291938, 1548290501, 1548284240, 1548273354, 1548269808, 1548269579]
[1548262550, 1548261917, 1548261660, 1548261439, 1548261364, 1548261348, 1548261243, 1548260888, 1548260843, 1548260819, 1548260731, 1548260401, 1548260326, 1548259929, 1548259633, 1548259298, 1548258921, 1548258824, 1548258812, 1548258535]
[1548258531, 1548257866, 1548257354, 1548257031, 1548256655, 1548256486, 1548255944, 1548255876, 1548255715, 1548255181, 1548255161, 1548254132, 1548253929, 1548253542, 1548253409, 1548253006, 1548251257, 1548251142, 1548250105, 1548250102]
[1548250084, 1548250068, 1548249985, 1548249444, 1548248991, 1548248669, 1548248482, 1548247051, 1548246779, 1548246631, 1548246483, 1548246441, 1548246221, 1548246054, 1548245100, 1548244740, 1548244112, 1548243803, 1548243452, 1548242354]
[1548241857, 1548241705, 1548240877, 1548240708, 1548240690, 1548240603, 1548240582, 1548239962, 1548239797, 1548239789, 1548239685, 1548239560, 1548239334, 1548239096, 1548238940, 1548238886, 1548238709, 1548238706, 1548238452, 1548238046]
[1548237582, 1548236906, 1548236630, 1548236375, 1548236106, 1548236038, 1548235678, 1548235048, 1548234907, 1548234876, 1548234430, 1548234208, 1548234158, 1548233594, 1548233567, 1548233475, 1548233247, 1548232923, 1548232726, 1548232463]
[1548232428, 1548232109, 1548232017, 1548231811, 1548231301, 1548231131, 1548231045, 1548230570, 1548230515, 1548229897, 1548229569, 1548229057, 1548228733, 1548228629, 1548228238, 1548227792, 1548227772, 1548227711, 1548227662, 1548227641]
[1548227567, 1548226637, 1548226404, 1548226268, 1548226110, 1548226067, 1548225299, 1548225231, 1548225116, 1548224554, 1548224397, 1548224171, 1548224056, 1548224037, 1548223961, 1548223890, 1548223711, 1548223627, 1548223448, 1548223443]
[1548223364, 1548223359, 1548223185, 1548223182, 1548223161, 1548222799, 1548222696, 1548222675, 1548222503, 1548222465, 1548222149, 1548222061, 1548221972, 1548221851, 1548221732, 1548221645, 1548221626, 1548221590, 1548221545, 1548221545]
[1548221429, 1548221388, 1548221281, 1548221148, 1548221002, 1548220909, 1548220847, 1548220828, 1548220802, 1548220689, 1548220689, 1548220556, 1548220546, 1548220491, 1548220450, 1548220418, 1548220379, 1548220363, 1548220331, 1548220191]
[1548220178, 1548220055, 1548220016, 1548219972, 1548219915, 1548219900, 1548219861, 1548219844, 1548219789, 1548219741, 1548219729, 1548219718, 1548219695, 1548219692, 1548219672, 1548219672, 1548219624, 1548219600, 1548219599, 1548219530]
[1548219525, 1548219521, 1548219476, 1548219425, 1548219410, 1548219409, 1548219332, 1548219265, 1548219264, 1548219111, 1548219082, 1548219072, 1548219042, 1548218984, 1548218840, 1548218779, 1548218537, 1548218486, 1548218484, 1548218480]
[1548218406, 1548218396, 1548218389, 1548218384, 1548218318, 1548218276, 1548218255, 1548218140, 1548218123, 1548218057, 1548218054, 1548218037, 1548218023, 1548218002, 1548217983, 1548217946, 1548217934, 1548217870, 1548217865, 1548217840]
[1548217702, 1548217593, 1548217570, 1548217528, 1548217502, 1548217386, 1548217360, 1548217285, 1548217181, 1548217177, 1548217152, 1548217133, 1548217113, 1548217052, 1548217011, 1548216975, 1548216967, 1548216899, 1548216855, 1548216853]
[1548216827, 1548216824, 1548216786, 1548216781, 1548216773, 1548216630, 1548216615, 1548216530, 1548216517, 1548216485, 1548216477, 1548216471, 1548216454, 1548216406, 1548216288, 1548216286, 1548216277, 1548216180, 1548216125, 1548216120]
[1548216083, 1548216065, 1548215942, 1548215937, 1548215927, 1548213850, 1548213695, 1548212889, 1548212651, 1548212629, 1548212527, 1548211501, 1548211182, 1548206609, 1548205437, 1548202195, 1548201407, 1548199452, 1548187792, 1548176414]
[1548176274, 1548174617, 1548173236, 1548172845, 1548171564, 1548167695, 1548167673, 1548167481, 1548157322, 1548143488, 1548134102, 1548121439, 1548089886, 1548083358, 1548070934, 1548067067, 1548061101, 1548051384, 1548038903, 1548035799]
[1547993577, 1547981921, 1547968857, 1547915403, 1547901897, 1547887625, 1547885900, 1547867156, 1547836284, 1547820511, 1547805520, 1547796852, 1547730301, 1547714444, 1547711362, 1547690919, 1547637987, 1547636239, 1547609980, 1547580099]
[1547572431, 1547550205, 1547521555, 1547450888, 1547386320, 1547354855, 1547299673, 1547284505, 1547273410, 1547220746, 1547219781, 1547209186, 1547175773, 1547079475, 1547046867, 1546968639, 1546930228, 1546923074, 1546886869, 1546860108]
[1546855257, 1546775701, 1546760402, 1546753774, 1546753578, 1546746934, 1546686330, 1546677703, 1546677607, 1546674513, 1546666087, 1546665614, 1546634232, 1546625398, 1546614206, 1546596607, 1546595451, 1546581910, 1546581623, 1546578774]
[1546565639, 1546504744, 1546504255, 1546499586, 1546493007, 1546489477, 1546466135, 1546447466, 1546446315, 1546442928, 1546422709, 1546413620, 1546407822, 1546404284, 1546402441, 1546401088, 1546398015, 1546361788, 1546349273, 1546348186]
[1546346000, 1546333800, 1546333125, 1546325868, 1546320613, 1546319975, 1546319840, 1546313042, 1546311282, 1546306477, 1546302742, 1546300299, 1546275290, 1546264003, 1546254127, 1546246521, 1546228641, 1546187573, 1546173323, 1546172800]
[1546168921, 1546167001, 1546164759, 1546164461, 1546155326, 1546153516, 1546143106, 1546140588, 1546112642, 1546109129, 1546100319, 1546091082, 1546089556, 1546084911, 1546046449, 1545999159, 1545991996, 1545986994, 1545977836, 1545976854]
[1545970691, 1545965909, 1545963132, 1545957553, 1545955089, 1545936290, 1545928817, 1545926806, 1545924944, 1545918924, 1545910476, 1545897968, 1545894164, 1545891835, 1545887700, 1545880918, 1545876070, 1545873005, 1545846376, 1545835438]
[1545832869, 1545827596, 1545825998, 1545824293, 1545823312, 1545823285, 1545820354, 1545804775, 1545804630, 1545788858, 1545785052, 1545784865, 1545784630, 1545782124, 1545755579, 1545748953, 1545748063, 1545746603, 1545743289, 1545732419]
[1545729783, 1545720092, 1545714723, 1545713683, 1545709080, 1545703786, 1545702181, 1545700506, 1545696682, 1545694215, 1545690568, 1545674803, 1545673742, 1545668217, 1545667965, 1545666733, 1545664980, 1545662904, 1545662527, 1545661585]
[1545659132, 1545656418, 1545651816, 1545646370, 1545645220, 1545645068, 1545641014, 1545639247, 1545636736, 1545631763, 1545630495, 1545626078, 1545623156, 1545622912, 1545622134, 1545617935, 1545617083, 1545616934, 1545616095, 1545614339]
[1545612708, 1545612420, 1545610008, 1545609985, 1545608576, 1545606776, 1545605767, 1545604049, 1545603815, 1545590371, 1545588347, 1545587785, 1545586608, 1545586160, 1545584983, 1545583053, 1545582862, 1545582652, 1545582461, 1545581847]
[1545581617, 1545581222, 1545580652, 1545580483, 1545580127, 1545579514, 1545579484, 1545579296, 1545578588, 1545578455, 1545578249, 1545578222, 1545578040, 1545577864, 1545577717, 1545577677, 1545576810, 1545575783, 1545575411, 1545575327]
[1545574753, 1545574626, 1545574036, 1545573063, 1545573000, 1545571244, 1545571097, 1545571033, 1545570517, 1545570491, 1545568953, 1545568596, 1545568142, 1545568088, 1545567350, 1545567307, 1545566868, 1545566245, 1545563998, 1545563805]
[1545563633, 1545563433, 1545563184, 1545563107, 1545563090, 1545561699, 1545561345, 1545561103, 1545560374, 1545560300, 1545560083, 1545559524, 1545559332, 1545559162, 1545559101, 1545559053, 1545558967, 1545558940, 1545558923, 1545558715]
[1545558414, 1545558280, 1545557045, 1545556850, 1545556834, 1545556563, 1545556236, 1545556066, 1545555679, 1545555388, 1545555268, 1545554979, 1545554744, 1545553858, 1545553068, 1545552768, 1545552720, 1545552720, 1545552570, 1545552423]
[1545552259, 1545552179, 1545552081, 1545551511, 1545551359, 1545551022, 1545550990, 1545550841, 1545550646, 1545550282, 1545549753, 1545548977, 1545548205, 1545547953, 1545547851, 1545547733, 1545547693, 1545547346, 1545546538, 1545546476]
[1545546275, 1545546091, 1545546020, 1545545620, 1545545107, 1545544830, 1545544678, 1545544392, 1545544324, 1545543910, 1545543669, 1545543590, 1545543548, 1545543501, 1545543443, 1545543419, 1545543210, 1545543199, 1545543146, 1545543069]
[1545542989, 1545542846, 1545542774, 1545542741, 1545542701, 1545542418, 1545542408, 1545541893, 1545541849, 1545541811, 1545541785, 1545541565, 1545541560, 1545541484, 1545541439, 1545541306, 1545541295, 1545541233, 1545541137, 1545541128]
[1545541123, 1545541115, 1545541039, 1545540861, 1545540837, 1545540831, 1545540808, 1545540768, 1545540681, 1545540675, 1545540629, 1545540554, 1545540507, 1545540348, 1545540326, 1545540237, 1545540227, 1545540080, 1545540051, 1545540051]
[1545539866, 1545539733, 1545539630, 1545539587, 1545539512, 1545539476, 1545539387, 1545539334, 1545539170, 1545539058, 1545539037, 1545538897, 1545538874, 1545538793, 1545538768, 1545538737, 1545538715, 1545538672, 1545538661, 1545538642]
[1545538597, 1545538580, 1545538571, 1545538570, 1545538555, 1545538548, 1545538533, 1545538525, 1545538436, 1545538436, 1545538425, 1545538371, 1545538353, 1545538352, 1545538280, 1545538254, 1545538234, 1545538227, 1545538197, 1545538158]
[1545538151, 1545538132, 1545538092, 1545538087, 1545538077, 1545538037, 1545537985, 1545537970, 1545537866, 1545537788, 1545537731, 1545537697, 1545537694, 1545537693, 1545537686, 1545537683, 1545537677, 1545537665, 1545537648, 1545537645]
[1545537639, 1545537625, 1545537602, 1545537582, 1545537546, 1545537528, 1545537049, 1545536979, 1545536875, 1545536343, 1545536334, 1545535290, 1545535085, 1545534076, 1545533775, 1545533638, 1545532818, 1545532552, 1545531761, 1545531599]
[1545531575, 1545529956, 1545523826, 1545523673, 1545522566, 1545522286, 1545501714, 1545500196, 1545496942, 1545495599, 1545495341, 1545494907, 1545494735, 1545494571, 1545493919, 1545493911, 1545493890, 1545493870, 1545492861, 1545492176]
[1545488269, 1545484543, 1545480841, 1545472219, 1545472046, 1545469416, 1545465948, 1545464643, 1545461736, 1545459805, 1545451910, 1545444887, 1545442352, 1545408316, 1545408014, 1545404777, 1545402069, 1545391513, 1545385687, 1545380013]
[1545369067, 1545309895, 1545305983, 1545301337, 1545266761, 1545235810, 1545207908, 1545196414, 1545191484, 1545183651, 1545183604, 1545158467, 1545135877, 1545130218, 1545123473, 1545115520, 1545112676, 1545092166, 1545019906, 1545001732]
[1544959005, 1544953250, 1544944626, 1544944236, 1544934533, 1544932574, 1544932453, 1544931544, 1544930867, 1544929684, 1544916673, 1544848856, 1544844281, 1544837612, 1544811978, 1544809386, 1544804114, 1544801652, 1544773777, 1544762796]
[1544751349, 1544747919, 1544703521, 1544701014, 1544698422, 1544662869, 1544660705, 1544620323, 1544617402, 1544579261, 1544536829, 1544523785, 1544509372, 1544505239, 1544498470, 1544440284, 1544423530, 1544387133, 1544382855, 1544352376]
[1544337546, 1544335268, 1544335189, 1544333683, 1544311870, 1544293626, 1544287931, 1544287048, 1544263013, 1544239814, 1544234156, 1544178179, 1544133510, 1544099454, 1544089862, 1544086363, 1544083165, 1544060512, 1544053406, 1544011548]
[1543998425, 1543985672, 1543979667, 1543932801, 1543929597, 1543850390, 1543847065, 1543838617, 1543829882, 1543787204, 1543772916, 1543772046, 1543766304, 1543764434, 1543757506, 1543753673, 1543738708, 1543732720, 1543729555, 1543728426]
[1543728343, 1543727961, 1543727927, 1543678326, 1543676249, 1543672670, 1543672600, 1543671504, 1543667890, 1543667757, 1543665002, 1543664699, 1543661467, 1543655534, 1543654624, 1543648279, 1543646956, 1543638915, 1543625260, 1543624609]
[1543609289, 1543598115, 1543587512, 1543586744, 1543582545, 1543581164, 1543573419, 1543572172, 1543565115, 1543559151, 1543547854, 1543546007, 1543541321, 1543540578, 1543531894, 1543505582, 1543503983, 1543501898, 1543499759, 1543497007]
[1543496825, 1543492991, 1543470572, 1543470239, 1543464397, 1543452559, 1543410395, 1543407970, 1543390771, 1543382377, 1543374457, 1543372930, 1543369511, 1543361688, 1543335200, 1543328779, 1543323760, 1543323105, 1543319806, 1543318209]
[1543317150, 1543316318, 1543316062, 1543307987, 1543302405, 1543294697, 1543293187, 1543292558, 1543291930, 1543288271, 1543285975, 1543284818, 1543253255, 1543247891, 1543245715, 1543235559, 1543234975, 1543223171, 1543213052, 1543198225]
[1543183156, 1543165906, 1543161096, 1543159458, 1543155771, 1543155066, 1543153097, 1543152474, 1543150792, 1543148620, 1543147933, 1543139500, 1543137197, 1543136364, 1543135728, 1543134366, 1543128744, 1543128445, 1543128222, 1543123258]
[1543122634, 1543121942, 1543121472, 1543119257, 1543117434, 1543116427, 1543116199, 1543111973, 1543108505, 1543102575, 1543092970, 1543090585, 1543089772, 1543083743, 1543080201, 1543077871, 1543074792, 1543074376, 1543074371, 1543074056]
[1543073424, 1543073257, 1543072789, 1543072636, 1543072531, 1543071101, 1543070717, 1543067031, 1543066209, 1543066108, 1543065776, 1543065625, 1543064951, 1543064636, 1543064159, 1543063620, 1543062500, 1543061348, 1543060335, 1543058571]
[1543057720, 1543056948, 1543054738, 1543054041, 1543053460, 1543053439, 1543051176, 1543050016, 1543049837, 1543049788, 1543047560, 1543047444, 1543043745, 1543043083, 1543042934, 1543041882, 1543041527, 1543040259, 1543039608, 1543038332]
[1543036796, 1543035961, 1543034204, 1543033737, 1543030014, 1543029984, 1543027880, 1543027324, 1543021486, 1543021425, 1543018390, 1543014367, 1543011331, 1543002668, 1543002213, 1543000829, 1542997918, 1542997446, 1542997303, 1542997171]
[1542995173, 1542993112, 1542993059, 1542992486, 1542992474, 1542991867, 1542990497, 1542989850, 1542989391, 1542988996, 1542988896, 1542988598, 1542988029, 1542988027, 1542987991, 1542987677, 1542987472, 1542987421, 1542986875, 1542986666]
[1542986065, 1542985721, 1542984741, 1542984488, 1542983932, 1542983424, 1542982454, 1542981857, 1542981602, 1542980411, 1542979328, 1542979102, 1542978920, 1542978695, 1542978227, 1542978112, 1542977333, 1542977177, 1542977061, 1542976680]
[1542976085, 1542975762, 1542975575, 1542975366, 1542975308, 1542975196, 1542974539, 1542974191, 1542973806, 1542973695, 1542973451, 1542973331, 1542973206, 1542973206, 1542973100, 1542972593, 1542972376, 1542972338, 1542971993, 1542971925]
[1542971323, 1542971080, 1542971074, 1542971061, 1542970808, 1542970574, 1542970522, 1542970384, 1542969611, 1542969556, 1542969539, 1542969349, 1542969323, 1542969225, 1542969146, 1542968988, 1542967769, 1542967286, 1542966682, 1542966595]
[1542966185, 1542965906, 1542965555, 1542964901, 1542964786, 1542964670, 1542964656, 1542964633, 1542964559, 1542964547, 1542963909, 1542963544, 1542963526, 1542963382, 1542963085, 1542962878, 1542962707, 1542962523, 1542961989, 1542961882]
[1542961725, 1542961499, 1542961244, 1542961169, 1542960896, 1542960709, 1542960672, 1542960630, 1542960621, 1542960519, 1542960226, 1542960189, 1542960157, 1542959973, 1542959848, 1542959540, 1542959520, 1542959331, 1542958956, 1542958823]
[1542958644, 1542958625, 1542958589, 1542958529, 1542958414, 1542958213, 1542957978, 1542957911, 1542957644, 1542957385, 1542957316, 1542957064, 1542956982, 1542956881, 1542956492, 1542956414, 1542956299, 1542956296, 1542955896, 1542955753]
[1542955725, 1542955685, 1542955279, 1542955012, 1542954916, 1542954889, 1542954754, 1542954647, 1542954390, 1542954200, 1542954139, 1542953981, 1542953808, 1542953701, 1542953569, 1542953539, 1542953525, 1542953455, 1542953432, 1542953303]
[1542953158, 1542953158, 1542953080, 1542952970, 1542952966, 1542952966, 1542952953, 1542952940, 1542952818, 1542952813, 1542952784, 1542952765, 1542952632, 1542952520, 1542952508, 1542952506, 1542952390, 1542952313, 1542952283, 1542951964]
[1542951951, 1542951921, 1542951919, 1542951843, 1542951781, 1542951548, 1542951435, 1542951389, 1542951256, 1542951241, 1542951083, 1542951056, 1542950939, 1542950936, 1542950897, 1542950874, 1542950811, 1542950756, 1542950440, 1542950418]
[1542950409, 1542950407, 1542950289, 1542950251, 1542950224, 1542950114, 1542950068, 1542950055, 1542949983, 1542949978, 1542949963, 1542949956, 1542949954, 1542949822, 1542949760, 1542949740, 1542949703, 1542949673, 1542949665, 1542949592]
[1542949557, 1542949547, 1542949521, 1542949516, 1542949454, 1542949452, 1542949433, 1542949417, 1542949407, 1542949397, 1542949383, 1542949382, 1542949307, 1542949293, 1542949291, 1542949268, 1542949260, 1542949250, 1542949248, 1542949236]
[1542949192, 1542949188, 1542949179, 1542949178, 1542949164, 1542949133, 1542949125, 1542949091, 1542949079, 1542949020, 1542948953, 1542948849, 1542948828, 1542948801, 1542948720, 1542948679, 1542948654, 1542948649, 1542948625, 1542948542]
[1542948517, 1542948460, 1542948443, 1542948443, 1542948428, 1542948397, 1542948377, 1542948307, 1542948286, 1542948269, 1542948248, 1542948214, 1542948188, 1542948138, 1542948120, 1542948108, 1542948088, 1542948083, 1542948041, 1542948038]
[1542948022, 1542948010, 1542947999, 1542947962, 1542947951, 1542947938, 1542947921, 1542947918, 1542947917, 1542947890, 1542947867, 1542947864, 1542947812, 1542947809, 1542947795, 1542947777, 1542947736, 1542947733, 1542947711, 1542947699]
[1542947662, 1542947597, 1542947589, 1542947574, 1542947567, 1542947540, 1542947525, 1542947500, 1542947486, 1542947471, 1542947413, 1542947412, 1542947392, 1542947366, 1542947352, 1542947328, 1542947327, 1542947300, 1542947286, 1542947245]
[1542947238, 1542947234, 1542947217, 1542947209, 1542947180, 1542947168, 1542947166, 1542947159, 1542947148, 1542947140, 1542947113, 1542947096, 1542947094, 1542947073, 1542947050, 1542947048, 1542947040, 1542947027, 1542947018, 1542947002]
[1542946956, 1542946902, 1542946894, 1542946848, 1542946831, 1542946823, 1542946815, 1542946763, 1542946760, 1542946743, 1542946722, 1542946703, 1542946701, 1542946695, 1542946687, 1542946666, 1542946661, 1542946652, 1542946599, 1542946570]
[1542946519, 1542946510, 1542946508, 1542946493, 1542946485, 1542946432, 1542946415, 1542946397, 1542946386, 1542946380, 1542946376, 1542946376, 1542946371, 1542946364, 1542946348, 1542946316, 1542946299, 1542946227, 1542946227, 1542946207]
[1542946173, 1542946149, 1542946146, 1542946129, 1542946125, 1542946102, 1542946078, 1542946061, 1542946049, 1542946030, 1542946019, 1542946016, 1542946015, 1542945998, 1542945994, 1542945993, 1542945900, 1542945861, 1542945859, 1542945852]
[1542945847, 1542945842, 1542945839, 1542945838, 1542945808, 1542945777, 1542945764, 1542945741, 1542945723, 1542945672, 1542945666, 1542945630, 1542945608, 1542945598, 1542945537, 1542945528, 1542945498, 1542945431, 1542944362, 1542943398]
[1542943347, 1542943237, 1542943160, 1542943046, 1542942576, 1542942490, 1542942351, 1542941257, 1542940670, 1542939507, 1542939002, 1542938709, 1542938235, 1542937622, 1542936775, 1542936159, 1542934417, 1542933668, 1542932793, 1542932618]
[1542931732, 1542931009, 1542929429, 1542928834, 1542928199, 1542924508, 1542911850, 1542911184, 1542906231, 1542905202, 1542905195, 1542905086, 1542904961, 1542904276, 1542904241, 1542903623, 1542903301, 1542903272, 1542903157, 1542903097]
[1542902950, 1542902920, 1542902827, 1542902788, 1542902666, 1542902561, 1542902519, 1542901778, 1542898161, 1542897161, 1542896026, 1542891305, 1542890266, 1542888950, 1542882031, 1542875919, 1542875730, 1542873279, 1542871370, 1542871288]
[1542870430, 1542869965, 1542868121, 1542866421, 1542866130, 1542865536, 1542865420, 1542864169, 1542862384, 1542861655, 1542860565, 1542859982, 1542859739, 1542858107, 1542855805, 1542852848, 1542851947, 1542851315, 1542849697, 1542848168]
[1542847715, 1542846797, 1542844011, 1542843008, 1542821992, 1542819329, 1542818620, 1542816633, 1542816274, 1542814981, 1542812630, 1542810777, 1542809026, 1542808448, 1542807945, 1542807183, 1542806900, 1542803855, 1542802494, 1542802388]
[1542801863, 1542800761, 1542800381, 1542799937, 1542799869, 1542799615, 1542798723, 1542797282, 1542797039, 1542796754, 1542796702, 1542796195, 1542796002, 1542795011, 1542792793, 1542792450, 1542792399, 1542792306, 1542792109, 1542791692]
[1542791624, 1542791617, 1542791259, 1542790392, 1542790373, 1542790197, 1542790151, 1542790028, 1542790026, 1542789993, 1542789675, 1542789465, 1542789338, 1542789163, 1542788855, 1542788618, 1542788349, 1542788293, 1542788180, 1542787692]
[1542787395, 1542787296, 1542787067, 1542786702, 1542786287, 1542786281, 1542785595, 1542785446, 1542784833, 1542784545, 1542784135, 1542783932, 1542783838, 1542783662, 1542783588, 1542783486, 1542783300, 1542783030, 1542782853, 1542782801]
[1542782485, 1542782247, 1542782194]
