[1557366814, 1557336531, 1557330888, 1557329584, 1557328589, 1557283223, 1557277724, 1557265742, 1557250769, 1557249178, 1557246156, 1557245467, 1557241050, 1557240070, 1557231008, 1557230556, 1557220432, 1557217973, 1557206370, 1557162627]
[1557154312, 1557151443, 1557145231, 1557072204, 1557071951, 1557039861, 1557025974, 1556984623, 1556982552, 1556969201, 1556964771, 1556964377, 1556963055, 1556960949, 1556959675, 1556946460, 1556945486, 1556943093, 1556931813, 1556911357]
[1556887529, 1556694464, 1556683118, 1556624379, 1556617304, 1556611730, 1556511294, 1556434830, 1556358874, 1556356122, 1556280486, 1556230674, 1556208598, 1556198246, 1556160799, 1556104914, 1556067295, 1556022272, 1556021420, 1555897514]
[1555857048, 1555835698, 1555826797, 1555826152, 1555784158, 1555755148, 1555755029, 1555753858, 1555720499, 1555687820, 1555672579, 1555427220, 1555411311, 1555409640, 1555386269, 1555378597, 1555331971, 1555299013, 1555262182, 1555258514]
[1555254349, 1555250804, 1555249441, 1555244728, 1555242629, 1555226447, 1555212099, 1555211771, 1555199321, 1555176179, 1555155775, 1555150159, 1555113423, 1555082347, 1555073608, 1555067324, 1555038315, 1555033294, 1554995456, 1554983185]
[1554977755, 1554889915, 1554887348, 1554862848, 1554829358, 1554821770, 1554813217, 1554807244, 1554773981, 1554771289, 1554733511, 1554732328, 1554731276, 1554717059, 1554705269, 1554648259, 1554646434, 1554639999, 1554629603, 1554628996]
[1554622365, 1554619161, 1554608111, 1554606797, 1554604109, 1554601285, 1554600057, 1554565688, 1554561107, 1554557959, 1554557626, 1554550103, 1554549954, 1554537281, 1554532700, 1554524296, 1554519076, 1554514928, 1554514635, 1554513839]
[1554478491, 1554477739, 1554420215, 1554375719, 1554303632, 1554198782, 1554134114, 1554129113, 1554048849, 1554023648, 1554007175, 1554005808, 1554002632, 1554000439, 1553995196, 1553992458, 1553992307, 1553959147, 1553953709, 1553950720]
[1553949002, 1553942025, 1553939773, 1553938193, 1553936821, 1553874275, 1553870620, 1553813231, 1553697995, 1553696428, 1553692015, 1553644074, 1553616438, 1553615715, 1553585121, 1553436892, 1553423777, 1553408583, 1553400717, 1553385319]
[1553357583, 1553352147, 1553347070, 1553346201, 1553344126, 1553342019, 1553341358, 1553337773, 1553337497, 1553337208, 1553333963, 1553333858, 1553331886, 1553329740, 1553327434, 1553295375, 1553259062, 1553234295, 1553231494, 1553224099]
[1553215853, 1553184571, 1553168658, 1553167568, 1553162162, 1553079643, 1553079527, 1553058329, 1553055406, 1553049800, 1553048075, 1553047327, 1553047279, 1553041534, 1553037020, 1553007405, 1553006575, 1552992590, 1552988644, 1552983980]
[1552980682, 1552972920, 1552971286, 1552971269, 1552970065, 1552925463, 1552924785, 1552924632, 1552923836, 1552922597, 1552918894, 1552918609, 1552912221, 1552895920, 1552895550, 1552894332, 1552889902, 1552881502, 1552877727, 1552877518]
[1552877220, 1552875159, 1552869686, 1552850466, 1552845654, 1552843752, 1552837414, 1552836642, 1552835989, 1552832581, 1552832266, 1552827865, 1552826186, 1552825152, 1552822886, 1552820519, 1552819689, 1552819434, 1552817154, 1552815005]
[1552814284, 1552813147, 1552810634, 1552809327, 1552808420, 1552807809, 1552807169, 1552803257, 1552802752, 1552802195, 1552800844, 1552795886, 1552795867, 1552795455, 1552792631, 1552791548, 1552791383, 1552790749, 1552789808, 1552789529]
[1552788653, 1552788229, 1552784263, 1552782752, 1552782186, 1552782119, 1552781297, 1552780266, 1552780055, 1552763826, 1552763485, 1552754934, 1552754423, 1552753240, 1552753026, 1552752947, 1552752771, 1552750404, 1552750004, 1552748696]
[1552748514, 1552748472, 1552748342, 1552747220, 1552747206, 1552746873, 1552746562, 1552746180, 1552745062, 1552744205, 1552743436, 1552740849, 1552740836, 1552740418, 1552737922, 1552737278, 1552736387, 1552735999, 1552735839, 1552735173]
[1552735171, 1552735168, 1552734372, 1552734252, 1552733518, 1552733438, 1552733240, 1552731378, 1552731149, 1552730958, 1552730182, 1552730022, 1552729086, 1552728709, 1552728687, 1552728203, 1552728119, 1552727660, 1552727557, 1552727516]
[1552727468, 1552727121, 1552722256, 1552705925, 1552616531, 1552568230, 1552567618, 1552531144, 1552520701, 1552489433, 1552437323, 1552395720, 1552304385, 1552304248, 1552285727, 1552278474, 1552263857, 1552230994, 1552218971, 1552198331]
[1552190378, 1552169003, 1552158735, 1552152642, 1552142965, 1552141092, 1552137683, 1552136329, 1552133859, 1552126286, 1552121421, 1552117365, 1552116647, 1552116483, 1552039856, 1552028294, 1552010220, 1551942311, 1551936610, 1551932858]
[1551924693, 1551906734, 1551881262, 1551854428, 1551844709, 1551842994, 1551803087, 1551746315, 1551709655, 1551670943, 1551669083, 1551611007, 1551603989, 1551603982, 1551599805, 1551588271, 1551579898, 1551575775, 1551558559, 1551553829]
[1551542386, 1551536660, 1551535645, 1551534219, 1551531378, 1551516610, 1551511981, 1551504583, 1551504472, 1551437686, 1551437672, 1551402467, 1551374885, 1551374694, 1551364389, 1551361909, 1551352061, 1551350828, 1551332418, 1551326168]
[1551271275, 1551265652, 1551243971, 1551157874, 1551143342, 1551113753, 1551107735, 1551105619, 1551105366, 1551100724, 1551099236, 1551098633, 1551093763, 1551083614, 1551072324, 1551071459, 1551068251, 1551065041, 1551062866, 1551060816]
[1551024526, 1551002540, 1550996416, 1550935699, 1550854188, 1550826127, 1550759388, 1550755382, 1550679942, 1550677129, 1550674314, 1550673081, 1550650174, 1550581372, 1550580685, 1550576107, 1550576051, 1550575645, 1550474686, 1550466880]
[1550415195, 1550408063, 1550407963, 1550407853, 1550407646, 1550407547, 1550407402, 1550407262, 1550388819, 1550379300, 1550379043, 1550378725, 1550349928, 1550339631, 1550337553, 1550323496, 1550320425, 1550320187, 1550317559, 1550316415]
[1550308655, 1550308544, 1550296660, 1550245666, 1550241532, 1550223010, 1550218700, 1550208863, 1550189169, 1550189076, 1550145029, 1550138995, 1550110060, 1550085413, 1550072164, 1550061764, 1550052432, 1550050445, 1550046874, 1550041740]
[1550038483, 1550022396, 1550020023, 1550016719, 1550006189, 1549995352, 1549990394, 1549987977, 1549981859, 1549978214, 1549978101, 1549972900, 1549970517, 1549970175, 1549969460, 1549968955, 1549962807, 1549951623, 1549943015, 1549910478]
[1549892576, 1549885821, 1549879774, 1549876095, 1549875095, 1549855833, 1549797437, 1549797357, 1549796155, 1549795190, 1549777648, 1549747561, 1549728723, 1549715520, 1549681305, 1549680807, 1549676490, 1549651909, 1549650651, 1549643639]
[1549637323, 1549629683, 1549623467, 1549609620, 1549606413, 1549604126, 1549595191, 1549594859, 1549588099, 1549556601, 1549554527, 1549552746, 1549548327, 1549547297, 1549528307, 1549514263, 1549509090, 1549461473, 1549440511, 1549421193]
[1549371556, 1549369010, 1549338274, 1549332441, 1549280144, 1549275096, 1549257613, 1549245351, 1549227876, 1549211948, 1549209834, 1549209617, 1549207596, 1549207493, 1549201817, 1549201586, 1549193233, 1549187504, 1549186186, 1549179341]
[1549177557, 1549163245, 1549161803, 1549161031, 1549157967, 1549157669, 1549157046, 1549124197, 1549121047, 1549116248, 1549115249, 1549107119, 1549092113, 1549083759, 1549071001, 1549067738, 1549065891, 1549065611, 1549039526, 1549039227]
[1549031089, 1549002665, 1548993780, 1548988007, 1548959682, 1548959341, 1548940873, 1548939447, 1548937822, 1548932321, 1548931084, 1548930292, 1548923836, 1548903178, 1548865934, 1548855570, 1548825833, 1548815271, 1548780409, 1548762978]
[1548761135, 1548750514, 1548730471, 1548726875, 1548706956, 1548694368, 1548691664, 1548690273, 1548690038, 1548688545, 1548687695, 1548686920, 1548686481, 1548672014, 1548671204, 1548667435, 1548659993, 1548651939, 1548650311, 1548648781]
[1548604099, 1548595683, 1548570256, 1548569464, 1548569421, 1548565987, 1548564370, 1548554724, 1548537817, 1548525472, 1548522268, 1548522258, 1548520561, 1548516941, 1548515794, 1548512148, 1548510325, 1548507850, 1548492487, 1548459174]
[1548459106, 1548428109, 1548411943, 1548401634, 1548376121, 1548309695, 1548305320, 1548297417, 1548296014, 1548258667, 1548251658, 1548251341, 1548227317, 1548219531, 1548207163, 1548178348, 1548169112, 1548167216, 1548145744, 1548126655]
[1548105864, 1548082240, 1548067924, 1548064170, 1548062613, 1548058739, 1548055034, 1548049295, 1548041157, 1547990845, 1547988011, 1547974280, 1547971941, 1547961957, 1547915342, 1547900215, 1547879760, 1547856225, 1547819108, 1547802315]
[1547785521, 1547782764, 1547745045, 1547711696, 1547698400, 1547697479, 1547649606, 1547637503, 1547613657, 1547600084, 1547570041, 1547566387, 1547557688, 1547556310, 1547555356, 1547540692, 1547535335, 1547520262, 1547519991, 1547481305]
[1547470100, 1547469400, 1547468186, 1547468109, 1547458434, 1547450654, 1547447417, 1547442327, 1547440290, 1547438089, 1547437057, 1547436917, 1547410633, 1547385230, 1547374017, 1547366177, 1547353417, 1547352562, 1547340136, 1547338037]
[1547295743, 1547288308, 1547279287, 1547213618, 1547191361, 1547178760, 1547143211, 1547131563, 1547115219, 1547115149, 1547111966, 1547107376, 1547091916, 1547054826, 1547037041, 1547028756, 1546913171, 1546908122, 1546888620, 1546877971]
[1546875577, 1546867801, 1546830239, 1546821291, 1546743062, 1546723481, 1546705392, 1546704809, 1546704105, 1546700181, 1546698596, 1546698038, 1546695675, 1546689252, 1546686460, 1546685542, 1546684873, 1546683075, 1546682741, 1546682711]
[1546673813, 1546659650, 1546613496, 1546613334, 1546607120, 1546594031, 1546579473, 1546577513, 1546563765, 1546533520, 1546514841, 1546512598, 1546502862, 1546497716, 1546472160, 1546442307, 1546440381, 1546430189, 1546357006, 1546334481]
[1546322572, 1546319075, 1546304016, 1546276113, 1546266570, 1546258975, 1546245680, 1546235022, 1546233095, 1546232804, 1546230264, 1546228441, 1546226088, 1546224873, 1546217503, 1546196877, 1546193692, 1546193617, 1546181057, 1546178454]
[1546175047, 1546174389, 1546174245, 1546174031, 1546172798, 1546163771, 1546162310, 1546153838, 1546146051, 1546142156, 1546141606, 1546131584, 1546103744, 1546101499, 1546101217, 1546097845, 1546097768, 1546096523, 1546073552, 1546046088]
[1546014273, 1545976372, 1545968019, 1545933167, 1545898514, 1545892467, 1545797852, 1545775921, 1545760787, 1545728344, 1545664847, 1545662177, 1545649191, 1545644852, 1545628222, 1545598535, 1545573007, 1545551938, 1545537029, 1545490295]
[1545477931, 1545459453, 1545451333, 1545439274, 1545439213, 1545439207, 1545439201, 1545439182, 1545439132, 1545439112, 1545439107, 1545439102, 1545439094, 1545395738, 1545319697, 1545285773, 1545278228, 1545157376, 1545138943, 1545130710]
[1545126785, 1545122967, 1545096406, 1545063516, 1545061347, 1545026821, 1545007239, 1544958499, 1544921951, 1544893943, 1544885965, 1544883371, 1544880042, 1544876351, 1544860779, 1544860478, 1544855610, 1544845978, 1544788421, 1544787812]
[1544712872, 1544674910, 1544537435, 1544340355, 1544297644, 1544278891, 1544261679, 1544244503, 1544244098, 1544197375, 1544189136, 1544062524, 1544014006, 1544012990, 1543983764, 1543919248, 1543908030, 1543882088, 1543831506, 1543799851]
[1543799185, 1543773886, 1543759399, 1543746111, 1543723711, 1543722517, 1543718385, 1543717978, 1543679499, 1543664957, 1543664950, 1543653895, 1543600885, 1543551141, 1543496212, 1543456632, 1543456486, 1543423229, 1543410340, 1543398180]
[1543396759, 1543377735, 1543374644, 1543361639, 1543338941, 1543336297, 1543334313, 1543329792, 1543328407, 1543327308, 1543323424, 1543322738, 1543322223, 1543321886, 1543318616, 1543315903, 1543315568, 1543312814, 1543310910, 1543303365]
[1543300846, 1543295076, 1543234157, 1543161687, 1543141742, 1543133983, 1543121054, 1543115200, 1543107408, 1543073387, 1543073336, 1543061834, 1542981592, 1542958482, 1542905528, 1542890333, 1542789806, 1542703507, 1542682968, 1542626906]
[1542624670, 1542595768, 1542557627, 1542546084, 1542541833, 1542512275, 1542455223, 1542455079, 1542454668, 1542451746, 1542427407, 1542392574, 1542326602, 1542319815, 1542296607, 1542292395, 1542285618, 1542283836, 1542282142, 1542275609]
[1542266338, 1542263344, 1542255160, 1542252252, 1542245515, 1542239208, 1542214465, 1542214391, 1542213475, 1542209577, 1542208713, 1542204104, 1542196373, 1542171298, 1542162866, 1542158957, 1542157411, 1542138917, 1542127742, 1542122479]
[1542120719, 1542120633, 1542119955, 1542119699, 1542117439, 1542113856, 1542113189, 1542110014, 1542107732, 1542107648, 1542107368, 1542107343, 1542106993, 1542106929, 1542105890, 1542105667, 1542104988, 1542103430, 1542102926, 1542102104]
[1542101884, 1542101389, 1542100771, 1542100671, 1542099995, 1542099981, 1542099896, 1542099755, 1542099445, 1542098807, 1542098725, 1542098647, 1542098495, 1542097683, 1542097627, 1542097452, 1542096426, 1542096328, 1542095503, 1542095283]
[1542095072, 1542094966, 1542094727, 1542094433, 1542093954, 1542093674, 1542093643, 1542092770, 1542092059, 1542091988, 1542091828, 1542091334, 1542090976, 1542090965, 1542090192, 1542090125, 1542089269, 1542087305, 1542078889, 1542073817]
[1542072310, 1542068334, 1542041544, 1542039973, 1542037052, 1542035293, 1542035139, 1542033994, 1542030366, 1542029695, 1542024592, 1542024405, 1542019612, 1542019541, 1542019463, 1542019407, 1542019310, 1542018246, 1542018190, 1542017271]
[1542017006, 1542016124, 1542016024, 1542015563, 1542014073, 1542013329, 1539777998]
