[1557246942, 1557241425, 1557236462, 1557193603, 1557163338, 1557130269, 1557069678, 1557069196, 1557029274, 1556989963, 1556980624, 1556980020, 1556979150, 1556975963, 1556972099, 1556971762, 1556971539, 1556971088, 1556965065, 1556965058, 1547886516]
[1556964043, 1556963730, 1556962377, 1556954244, 1556952515, 1556950524, 1556950329, 1556950251, 1556944340, 1556943175, 1556943077, 1556942226, 1556940382, 1556940336, 1556939415, 1556937681, 1556936477, 1556935695, 1556935582, 1556935357, 1547886516]
[1556932824, 1556930080, 1556897963, 1556883637, 1556879381, 1556869542, 1556772092, 1556766692, 1556719036, 1556693658, 1556693599, 1556645147, 1556629531, 1556629428, 1556622185, 1556540598, 1556535864, 1556481010, 1556457859, 1556445126, 1547886516]
[1556445014, 1556441200, 1556428706, 1556414933, 1556379265, 1556377756, 1556371061, 1556366623, 1556358156, 1556355892, 1556349410, 1556348795, 1556347929, 1556343617, 1556342800, 1556341914, 1556341308, 1556340108, 1556339377, 1556338567, 1547886516]
[1556334780, 1556331300, 1556331072, 1556328904, 1556326015, 1556273840, 1556210791, 1556179077, 1556162004, 1556098004, 1556092328, 1556092097, 1556088263, 1556078091, 1556078082, 1556029916, 1556018329, 1556015440, 1556013487, 1555996479, 1547886516]
[1555996170, 1555974293, 1555971885, 1555954221, 1555951012, 1555950649, 1555947685, 1555939708, 1555934902, 1555930500, 1555924412, 1555924191, 1555924166, 1555920084, 1555919126, 1555919112, 1555918419, 1555916511, 1555912876, 1555910009, 1547886516]
[1555905292, 1555902321, 1555868986, 1555868749, 1555867645, 1555863180, 1555860582, 1555858398, 1555857190, 1555857105, 1555856019, 1555854922, 1555840971, 1555836904, 1555835713, 1555826051, 1555817222, 1555812613, 1555807906, 1555780071, 1547886516]
[1555779220, 1555776934, 1555774488, 1555773570, 1555773131, 1555766352, 1555765787, 1555764501, 1555763334, 1555761184, 1555758778, 1555758638, 1555754815, 1555752904, 1555750177, 1555750144, 1555750006, 1555748835, 1555748452, 1555746476, 1547886516]
[1555746054, 1555745997, 1555744989, 1555744673, 1555743846, 1555743157, 1555742570, 1555742440, 1555741323, 1555737761, 1555736640, 1555735850, 1555734046, 1555733481, 1555732382, 1555731387, 1555730964, 1555730694, 1555730519, 1555730162, 1547886516]
[1555729343, 1555729198, 1555727677, 1555727662, 1555726861, 1555726494, 1555725816, 1555725803, 1555725458, 1555725296, 1555718708, 1555686298, 1555682374, 1555673282, 1555655092, 1555652506, 1555649989, 1555639219, 1555628377, 1555582619, 1547886516]
[1555574144, 1555570421, 1555483704, 1555429373, 1555382989, 1555371221, 1555323996, 1555322075, 1555298236, 1555298228, 1555298221, 1555298213, 1555298207, 1555263473, 1555249718, 1555247508, 1555234444, 1555220910, 1555216438, 1555215443, 1547886516]
[1555172041, 1555165125, 1555162267, 1555154063, 1555148493, 1555146891, 1555136141, 1555135585, 1555135184, 1555133945, 1555131743, 1555130140, 1555130032, 1555127616, 1555127599, 1555126505, 1555123751, 1555123077, 1555122781, 1555121378, 1547886516]
[1555121081, 1555120967, 1555120951, 1555120775, 1555120094, 1555119546, 1555067884, 1555067483, 1554960782, 1554954972, 1554926166, 1554922476, 1554918408, 1554893637, 1554861864, 1554811518, 1554795688, 1554771136, 1554740289, 1554713127, 1547886516]
[1554701204, 1554698405, 1554680208, 1554656817, 1554655625, 1554631048, 1554630553, 1554627370, 1554625389, 1554625308, 1554616816, 1554600587, 1554600112, 1554594969, 1554583402, 1554571853, 1554568402, 1554568109, 1554565495, 1554565489, 1547886516]
[1554564659, 1554563547, 1554562095, 1554559383, 1554558346, 1554557768, 1554557690, 1554557612, 1554557396, 1554553297, 1554552212, 1554549342, 1554546267, 1554544561, 1554538768, 1554530884, 1554530707, 1554530098, 1554528411, 1554527592, 1547886516]
[1554526354, 1554524729, 1554524301, 1554520461, 1554520060, 1554519788, 1554519698, 1554519594, 1554519263, 1554519032, 1554518653, 1554518039, 1554518018, 1554517876, 1554517806, 1554517100, 1554516970, 1554516932, 1554516728, 1554516217, 1547886516]
[1554516190, 1554514764, 1554511440, 1554474605, 1554457938, 1554435843, 1554431991, 1554357308, 1554297322, 1554290091, 1554283510, 1554248786, 1554197728, 1554197702, 1554138853, 1554135135, 1554127065, 1554125671, 1554125414, 1554123413, 1547886516]
[1554119386, 1554114003, 1554111485, 1554110305, 1554109299, 1554109168, 1554102445, 1554101333, 1554098274, 1554098199, 1554092198, 1554091820, 1554089882, 1554087909, 1554087133, 1554086897, 1554086810, 1554086304, 1554085982, 1554085854, 1547886516]
[1554085760, 1554085615, 1554085568, 1554085477, 1554056990, 1554052550, 1554050375, 1554048233, 1554032745, 1554006765, 1554003081, 1554000376, 1553994836, 1553993338, 1553990022, 1553987605, 1553961307, 1553960815, 1553960008, 1553957970, 1547886516]
[1553956568, 1553956068, 1553955549, 1553955346, 1553954594, 1553949589, 1553946776, 1553938970, 1553938387, 1553936517, 1553936176, 1553935744, 1553930208, 1553929634, 1553928530, 1553928314, 1553927368, 1553920791, 1553919349, 1553919071, 1547886516]
[1553919042, 1553918622, 1553917941, 1553917840, 1553916506, 1553914287, 1553912524, 1553912393, 1553912183, 1553912117, 1553911939, 1553911924, 1553911628, 1553911376, 1553910872, 1553873792, 1553870412, 1553853917, 1553853109, 1553818843, 1547886516]
[1553818823, 1553815088, 1553810768, 1553777792, 1553774717, 1553774198, 1553761310, 1553758121, 1553704199, 1553703231, 1553702288, 1553693284, 1553662375, 1553653511, 1553613587, 1553599454, 1553593059, 1553589091, 1553588923, 1553560451, 1547886516]
[1553551879, 1553530735, 1553521079, 1553520475, 1553516826, 1553482261, 1553482011, 1553479134, 1553445383, 1553445297, 1553445212, 1553435646, 1553435463, 1553435299, 1553430463, 1553428928, 1553425065, 1553417251, 1553417188, 1553415677, 1547886516]
[1553410013, 1553408868, 1553408075, 1553405231, 1553402292, 1553400502, 1553396367, 1553393517, 1553372112, 1553361677, 1553358195, 1553352931, 1553352483, 1553351333, 1553351186, 1553350223, 1553349819, 1553348147, 1553347403, 1553346766, 1547886516]
[1553345225, 1553345052, 1553341991, 1553341279, 1553340285, 1553337705, 1553336717, 1553335852, 1553333941, 1553332802, 1553330726, 1553329844, 1553329370, 1553326259, 1553325990, 1553322394, 1553321382, 1553321153, 1553321036, 1553320990, 1547886516]
[1553318746, 1553318713, 1553315644, 1553311275, 1553311235, 1553310658, 1553310605, 1553310596, 1553310158, 1553309796, 1553309049, 1553308936, 1553308790, 1553308128, 1553307325, 1553307096, 1553307075, 1553306620, 1553306578, 1553306505, 1547886516]
[1553306501, 1553306375, 1553306297, 1553306125, 1553304377, 1553301727, 1553281923, 1553273876, 1553269483, 1553266091, 1553264601, 1553238358, 1553227552, 1553224904, 1553219422, 1553165833, 1553158891, 1553158838, 1553131002, 1553101871, 1547886516]
[1553078677, 1553070758, 1553043565, 1553036431, 1553009633, 1553007402, 1552989165, 1552987370, 1552983191, 1552977042, 1552966618, 1552959687, 1552958067, 1552948728, 1552929943, 1552920130, 1552916839, 1552915683, 1552915279, 1552914480, 1547886516]
[1552914338, 1552906531, 1552903672, 1552902027, 1552893394, 1552881002, 1552878400, 1552874960, 1552874198, 1552872261, 1552842174, 1552840358, 1552837851, 1552835880, 1552831367, 1552830784, 1552823106, 1552822775, 1552822500, 1552821168, 1547886516]
[1552813348, 1552811757, 1552808924, 1552805575, 1552802096, 1552799185, 1552797998, 1552797256, 1552797060, 1552796338, 1552794565, 1552793553, 1552793548, 1552793413, 1552792832, 1552788280, 1552783325, 1552782632, 1552780854, 1552779724, 1547886516]
[1552779008, 1552774403, 1552761334, 1552759585, 1552757332, 1552754817, 1552751658, 1552751415, 1552751403, 1552751398, 1552751135, 1552750033, 1552749815, 1552749225, 1552749088, 1552748748, 1552748147, 1552747853, 1552745800, 1552745516, 1547886516]
[1552745228, 1552744073, 1552743948, 1552742855, 1552742321, 1552742072, 1552741902, 1552741513, 1552740298, 1552738413, 1552736184, 1552735830, 1552734725, 1552734148, 1552733288, 1552731415, 1552729312, 1552728785, 1552728065, 1552727294, 1547886516]
[1552725334, 1552723939, 1552723624, 1552723622, 1552723346, 1552722181, 1552722114, 1552720146, 1552719950, 1552718632, 1552718405, 1552717753, 1552716275, 1552716041, 1552715917, 1552715265, 1552714881, 1552714538, 1552713994, 1552713665, 1547886516]
[1552713081, 1552712900, 1552712899, 1552712237, 1552711916, 1552711796, 1552711488, 1552711388, 1552710689, 1552710628, 1552710307, 1552710257, 1552710071, 1552709691, 1552709602, 1552709294, 1552708607, 1552708607, 1552708587, 1552708331, 1547886516]
[1552708000, 1552706514, 1552706093, 1552704967, 1552704915, 1552704462, 1552704452, 1552704307, 1552704178, 1552704056, 1552703938, 1552703850, 1552702674, 1552702399, 1552702203, 1552702163, 1552702100, 1552701983, 1552701950, 1552701940, 1547886516]
[1552701934, 1552701930, 1552701883, 1552701875, 1552701793, 1552701780, 1552701722, 1552701684, 1552701231, 1552700935, 1552700701, 1552690821, 1552675285, 1552660773, 1552656730, 1552651989, 1552638085, 1552637660, 1552637549, 1552635646, 1547886516]
[1552620015, 1552608286, 1552589936, 1552572795, 1552564814, 1552560166, 1552543084, 1552527074, 1552520580, 1552509013, 1552504523, 1552484656, 1552469849, 1552467264, 1552459345, 1552455019, 1552448580, 1552447656, 1552441651, 1552438169, 1547886516]
[1552415185, 1552414216, 1552408539, 1552407326, 1552406432, 1552405967, 1552402220, 1552399180, 1552398413, 1552398384, 1552396867, 1552392830, 1552392568, 1552390435, 1552384463, 1552379464, 1552372334, 1552362442, 1552362176, 1552345300, 1547886516]
[1552330676, 1552320795, 1552320783, 1552317772, 1552309734, 1552304395, 1552304000, 1552301321, 1552291117, 1552290412, 1552290381, 1552290275, 1552283821, 1552277408, 1552273338, 1552272348, 1552271672, 1552266845, 1552260046, 1552235137, 1547886516]
[1552231994, 1552229030, 1552227148, 1552227126, 1552223241, 1552221106, 1552220972, 1552220026, 1552214273, 1552212814, 1552210666, 1552204512, 1552204251, 1552204035, 1552203750, 1552198026, 1552195651, 1552195238, 1552194872, 1552192547, 1547886516]
[1552190062, 1552188557, 1552188152, 1552185070, 1552182390, 1552181463, 1552178978, 1552177249, 1552175643, 1552175418, 1552174141, 1552167890, 1552162914, 1552154768, 1552152117, 1552151470, 1552150808, 1552148927, 1552148203, 1552147990, 1547886516]
[1552147552, 1552147464, 1552147223, 1552146157, 1552145569, 1552142733, 1552141349, 1552140685, 1552138978, 1552138431, 1552138261, 1552135596, 1552133031, 1552130816, 1552130283, 1552129842, 1552128339, 1552127542, 1552127474, 1552127465, 1547886516]
[1552127337, 1552127022, 1552125818, 1552125398, 1552124863, 1552124266, 1552123666, 1552123244, 1552122370, 1552121964, 1552120563, 1552120178, 1552119619, 1552119422, 1552118996, 1552118780, 1552116328, 1552116075, 1552115901, 1552115043, 1547886516]
[1552114011, 1552113953, 1552112423, 1552107440, 1552106734, 1552106676, 1552106585, 1552106248, 1552105885, 1552105851, 1552105635, 1552105301, 1552104270, 1552104164, 1552103784, 1552103533, 1552103451, 1552103350, 1552102852, 1552102787, 1547886516]
[1552102065, 1552101939, 1552101620, 1552101523, 1552101434, 1552101409, 1552101183, 1552101155, 1552101054, 1552100874, 1552100802, 1552100574, 1552100466, 1552100286, 1552099374, 1552099066, 1552099019, 1552098609, 1552098281, 1552098197, 1547886516]
[1552097897, 1552097870, 1552097599, 1552097514, 1552097461, 1552097429, 1552097399, 1552097273, 1552097097, 1552097087, 1552097061, 1552097030, 1552097029, 1552096476, 1552094802, 1552094029, 1552087775, 1552070220, 1552058837, 1552044960, 1547886516]
[1552043569, 1552032681, 1552019598, 1552018610, 1552010012, 1551972580, 1551956666, 1551953860, 1551945641, 1551940916, 1551916574, 1551886253, 1551859267, 1551840197, 1551838665, 1551800571, 1551783683, 1551782390, 1551778724, 1551761780, 1547886516]
[1551755568, 1551755333, 1551747638, 1551746701, 1551746330, 1551725882, 1551721875, 1551714073, 1551699944, 1551696117, 1551690763, 1551685549, 1551681706, 1551679886, 1551675954, 1551669311, 1551667426, 1551666037, 1551662604, 1551661690, 1547886516]
[1551661479, 1551660108, 1551654505, 1551649183, 1551641143, 1551640884, 1551631863, 1551626331, 1551626065, 1551626052, 1551623687, 1551618169, 1551613547, 1551613008, 1551611247, 1551610473, 1551606030, 1551603712, 1551600481, 1551599326, 1547886516]
[1551596432, 1551594790, 1551592569, 1551591657, 1551591565, 1551591369, 1551583672, 1551582489, 1551579815, 1551576698, 1551576653, 1551575831, 1551575127, 1551574546, 1551571875, 1551571299, 1551569122, 1551553224, 1551550068, 1551549056, 1547886516]
[1551547207, 1551547083, 1551545424, 1551542805, 1551542773, 1551541445, 1551540682, 1551540656, 1551540513, 1551539975, 1551539748, 1551538871, 1551538760, 1551537002, 1551536507, 1551536320, 1551535626, 1551535165, 1551535092, 1551533441, 1547886516]
[1551532988, 1551532794, 1551532735, 1551530653, 1551530458, 1551530041, 1551529068, 1551528641, 1551527171, 1551527098, 1551525818, 1551525745, 1551525680, 1551525470, 1551525166, 1551524959, 1551524229, 1551523634, 1551523540, 1551522585, 1547886516]
[1551521433, 1551521429, 1551521221, 1551519261, 1551519032, 1551517982, 1551516430, 1551515732, 1551514694, 1551514294, 1551511918, 1551511749, 1551511609, 1551511374, 1551511360, 1551510393, 1551510186, 1551509504, 1551509387, 1551508943, 1547886516]
[1551506761, 1551505403, 1551504707, 1551504431, 1551503546, 1551503106, 1551503071, 1551502902, 1551502663, 1551502335, 1551501929, 1551501818, 1551501022, 1551500298, 1551499939, 1551499342, 1551499175, 1551498626, 1551497736, 1551497678, 1547886516]
[1551497569, 1551497221, 1551496783, 1551496432, 1551495995, 1551495924, 1551495807, 1551495526, 1551495448, 1551495320, 1551495136, 1551494658, 1551494490, 1551494412, 1551493720, 1551493379, 1551493343, 1551493113, 1551493007, 1551492998, 1547886516]
[1551492917, 1551492601, 1551492478, 1551492454, 1551492422, 1551492313, 1551492303, 1551492226, 1551492196, 1551492053, 1551492029, 1551490186, 1551460420, 1551458519, 1551457561, 1551456753, 1551456441, 1551456046, 1551453101, 1551446957, 1547886516]
[1551442447, 1551438004, 1551437387, 1551432241, 1551418779, 1551413153, 1551412909, 1551400190, 1551398456, 1551394081, 1551390726, 1551377164, 1551369862, 1551358176, 1551354181, 1551353412, 1551350664, 1551350247, 1551337481, 1551334352, 1547886516]
[1551332324, 1551330876, 1551327705, 1551320573, 1551318716, 1551300734, 1551282781, 1551274474, 1551259851, 1551251180, 1551239584, 1551239089, 1551238861, 1551225612, 1551225572, 1551201822, 1551200974, 1551193788, 1551183454, 1551176458, 1547886516]
[1551175849, 1551172713, 1551169530, 1551159328, 1551156300, 1551149069, 1551148874, 1551136551, 1551118603, 1551117868, 1551103092, 1551099287, 1551097649, 1551087429, 1551083141, 1551081931, 1551067984, 1551064829, 1551064654, 1551060272, 1547886516]
[1551059227, 1551057650, 1551050485, 1551036478, 1551028954, 1551025999, 1551024386, 1551022759, 1551019321, 1551016907, 1551013422, 1551012984, 1551011431, 1551010188, 1551007211, 1551007057, 1551002754, 1551002611, 1550996898, 1550996735, 1547886516]
[1550996601, 1550992495, 1550984575, 1550980475, 1550977118, 1550976937, 1550976899, 1550975392, 1550974669, 1550974661, 1550973685, 1550963644, 1550962973, 1550952536, 1550949540, 1550947303, 1550946508, 1550943172, 1550942306, 1550940594, 1547886516]
[1550940335, 1550937907, 1550937182, 1550936872, 1550934538, 1550934269, 1550933701, 1550931479, 1550929362, 1550929202, 1550929161, 1550927187, 1550926699, 1550925954, 1550924970, 1550923960, 1550923176, 1550922658, 1550919529, 1550919469, 1547886516]
[1550918709, 1550917410, 1550916276, 1550915844, 1550915597, 1550915009, 1550914411, 1550913098, 1550912868, 1550912859, 1550912761, 1550911134, 1550910939, 1550910739, 1550910613, 1550910502, 1550909892, 1550909392, 1550909261, 1550909116, 1547886516]
[1550908486, 1550908434, 1550908016, 1550906825, 1550905187, 1550904903, 1550904028, 1550903099, 1550902932, 1550901874, 1550901775, 1550901709, 1550901161, 1550900509, 1550900304, 1550900248, 1550900218, 1550899700, 1550899043, 1550898734, 1547886516]
[1550898396, 1550898312, 1550898236, 1550897808, 1550896739, 1550896192, 1550895969, 1550895882, 1550895061, 1550894606, 1550894336, 1550894002, 1550893575, 1550893059, 1550893033, 1550892569, 1550891860, 1550891280, 1550891271, 1550891055, 1547886516]
[1550890261, 1550889763, 1550889550, 1550889362, 1550889203, 1550889129, 1550888936, 1550888258, 1550888252, 1550888116, 1550887769, 1550887682, 1550887669, 1550887258, 1550887121, 1550887108, 1550887068, 1550886938, 1550886728, 1550873671, 1547886516]
[1550867728, 1550856332, 1550849434, 1550841176, 1550840973, 1550839597, 1550832782, 1550823263, 1550821500, 1550820318, 1550806940, 1550804382, 1550800615, 1550798272, 1550783640, 1550771786, 1550768012, 1550753626, 1550749819, 1550749791, 1547886516]
[1550748945, 1550745561, 1550737091, 1550729785, 1550717408, 1550707209, 1550690832, 1550689846, 1550686567, 1550666715, 1550656112, 1550650476, 1550640914, 1550638944, 1550636338, 1550631132, 1550626565, 1550619972, 1550592555, 1550590105, 1547886516]
[1550578573, 1550578242, 1550569150, 1550567177, 1550560718, 1550555942, 1550553594, 1550548283, 1550543953, 1550540043, 1550529800, 1550521654, 1550521568, 1550520786, 1550510991, 1550510937, 1550507994, 1550507810, 1550505738, 1550504341, 1547886516]
[1550500668, 1550490857, 1550488251, 1550481106, 1550480027, 1550479349, 1550477927, 1550469935, 1550466857, 1550464293, 1550464232, 1550457209, 1550456077, 1550446104, 1550428360, 1550426979, 1550421425, 1550410032, 1550404579, 1550400872, 1547886516]
[1550400805, 1550396362, 1550396193, 1550395369, 1550395157, 1550394365, 1550394074, 1550389881, 1550387102, 1550379809, 1550377690, 1550376482, 1550376379, 1550376043, 1550373641, 1550370218, 1550367617, 1550367415, 1550366684, 1550363863, 1547886516]
[1550342238, 1550341430, 1550337784, 1550336994, 1550336875, 1550336324, 1550336092, 1550334620, 1550334219, 1550333343, 1550333088, 1550331085, 1550330865, 1550328460, 1550328437, 1550327372, 1550326943, 1550326369, 1550326231, 1550325076, 1547886516]
[1550324172, 1550322424, 1550316381, 1550315818, 1550314015, 1550313183, 1550312217, 1550311720, 1550311445, 1550311437, 1550311360, 1550311287, 1550310941, 1550310699, 1550310495, 1550309923, 1550309376, 1550309049, 1550308995, 1550308709, 1547886516]
[1550308405, 1550306084, 1550305873, 1550305841, 1550305431, 1550304896, 1550304867, 1550304793, 1550304614, 1550303886, 1550302833, 1550302772, 1550301426, 1550300148, 1550300017, 1550298805, 1550296188, 1550295877, 1550294727, 1550293683, 1547886516]
[1550293443, 1550293354, 1550293343, 1550293095, 1550292733, 1550292701, 1550292592, 1550292265, 1550292006, 1550291092, 1550290809, 1550290563, 1550290181, 1550289709, 1550289035, 1550288984, 1550288953, 1550288480, 1550287896, 1550287829, 1547886516]
[1550287746, 1550287745, 1550287737, 1550287183, 1550287082, 1550286801, 1550286758, 1550286277, 1550286230, 1550285416, 1550284864, 1550284774, 1550284725, 1550284628, 1550284378, 1550284015, 1550283981, 1550283976, 1550283824, 1550283740, 1547886516]
[1550283459, 1550283420, 1550283132, 1550282870, 1550282870, 1550282244, 1550282183, 1550281771, 1550278665, 1550277066, 1550257052, 1550250174, 1550247720, 1550243374, 1550230351, 1550225612, 1550224322, 1550210681, 1550208503, 1550200689, 1547886516]
[1550195069, 1550193642, 1550188286, 1550185611, 1550166358, 1550163143, 1550160135, 1550148916, 1550140325, 1550128530, 1550124851, 1550119644, 1550117429, 1550116306, 1550086093, 1550077467, 1550073128, 1550071527, 1550061123, 1550036469, 1547886516]
[1550031227, 1550029313, 1550020687, 1550015529, 1550002078, 1549996901, 1549996548, 1549992717, 1549989617, 1549988638, 1549988556, 1549982381, 1549978978, 1549969930, 1549965936, 1549959114, 1549957792, 1549952163, 1549951987, 1549951930, 1547886516]
[1549951929, 1549945033, 1549944445, 1549941982, 1549940850, 1549938344, 1549929689, 1549928156, 1549928141, 1549926489, 1549906716, 1549901445, 1549900410, 1549899988, 1549893878, 1549892428, 1549889632, 1549887350, 1549886356, 1549885905, 1547886516]
[1549883989, 1549883520, 1549878855, 1549877769, 1549872369, 1549872146, 1549866884, 1549862913, 1549857917, 1549856190, 1549855688, 1549849519, 1549848512, 1549847565, 1549845877, 1549834388, 1549828593, 1549822989, 1549821826, 1549816555, 1547886516]
[1549815315, 1549814964, 1549813659, 1549811310, 1549810418, 1549810092, 1549809818, 1549809107, 1549807202, 1549806638, 1549806617, 1549806540, 1549804165, 1549799140, 1549798353, 1549794593, 1549794185, 1549792619, 1549790279, 1549786998, 1547886516]
[1549784744, 1549784701, 1549783355, 1549783272, 1549779046, 1549776972, 1549776607, 1549775370, 1549775217, 1549774435, 1549773419, 1549771737, 1549769364, 1549769348, 1549769096, 1549765967, 1549765959, 1549764334, 1549762093, 1549760704, 1547886516]
[1549760701, 1549760149, 1549749575, 1549747423, 1549744731, 1549736145, 1549733586, 1549733564, 1549733521, 1549731928, 1549730992, 1549730822, 1549728960, 1549728308, 1549728250, 1549728156, 1549726862, 1549726472, 1549725794, 1549723930, 1547886516]
[1549719294, 1549718851, 1549718589, 1549718070, 1549717544, 1549717245, 1549716014, 1549715389, 1549714864, 1549713969, 1549713854, 1549713493, 1549712910, 1549712650, 1549712350, 1549712247, 1549711248, 1549710839, 1549709437, 1549709363, 1547886516]
[1549709030, 1549707955, 1549707216, 1549706658, 1549706546, 1549706397, 1549705703, 1549703364, 1549703322, 1549703267, 1549702996, 1549702680, 1549702612, 1549701944, 1549701133, 1549700668, 1549700653, 1549699381, 1549699277, 1549699146, 1547886516]
[1549699079, 1549694700, 1549693635, 1549693635, 1549693557, 1549693218, 1549692934, 1549692873, 1549692843, 1549692325, 1549692121, 1549691596, 1549691504, 1549690858, 1549690074, 1549689000, 1549688815, 1549688432, 1549687323, 1549687042, 1547886516]
[1549686911, 1549686868, 1549686621, 1549686606, 1549686211, 1549686131, 1549685498, 1549685395, 1549685179, 1549684524, 1549684326, 1549683715, 1549683563, 1549683365, 1549682653, 1549682622, 1549681928, 1549681457, 1549680986, 1549679617, 1547886516]
[1549679557, 1549679516, 1549678937, 1549678660, 1549678236, 1549678158, 1549678112, 1549678033, 1549677990, 1549677937, 1549677921, 1549677908, 1549677845, 1549677704, 1549677677, 1549677622, 1549677561, 1549677547, 1549677533, 1549677518, 1547886516]
[1549677513, 1549676860, 1549676510, 1549675037, 1549673998, 1549672889, 1549652579, 1549645809, 1549644336, 1549638154, 1549634090, 1549630686, 1549625718, 1549607003, 1549595406, 1549594022, 1549593183, 1549587110, 1549584347, 1549556968, 1547886516]
[1549551854, 1549551718, 1549543459, 1549530379, 1549521033, 1549516343, 1549509983, 1549508966, 1549508879, 1549506766, 1549505897, 1549499897, 1549491449, 1549469621, 1549446802, 1549439100, 1549427710, 1549426798, 1549413972, 1549412596, 1547886516]
[1549388134, 1549385325, 1549378681, 1549376799, 1549373459, 1549373037, 1549368233, 1549367219, 1549366333, 1549366242, 1549359516, 1549358429, 1549357775, 1549357750, 1549357551, 1549343004, 1549342357, 1549341129, 1549340872, 1549334542, 1547886516]
[1549330889, 1549329716, 1549329628, 1549328685, 1549328279, 1549327789, 1549316312, 1549314930, 1549307537, 1549304688, 1549303862, 1549303185, 1549302903, 1549302121, 1549301941, 1549301115, 1549298255, 1549297883, 1549296493, 1549294978, 1547886516]
[1549292813, 1549288846, 1549287383, 1549282880, 1549281906, 1549280615, 1549279517, 1549278077, 1549277627, 1549275711, 1549269484, 1549268192, 1549266127, 1549264086, 1549264059, 1549262740, 1549261521, 1549259812, 1549259803, 1549259563, 1547886516]
[1549259159, 1549258445, 1549258315, 1549258255, 1549257760, 1549257697, 1549255866, 1549255825, 1549255644, 1549255438, 1549255173, 1549255074, 1549254317, 1549253568, 1549252850, 1549252157, 1549251782, 1549251392, 1549250655, 1549250325, 1547886516]
[1549250284, 1549249884, 1549248744, 1549247364, 1549246814, 1549246716, 1549246362, 1549246180, 1549246069, 1549245792, 1549245668, 1549245605, 1549245582, 1549245404, 1549244924, 1549241358, 1549240182, 1549218967, 1549218864, 1549218401, 1547886516]
[1549218371, 1549217464, 1549217331, 1549216808, 1549215970, 1549214442, 1549213890, 1549213514, 1549211729, 1549211565, 1549211397, 1549209121, 1549208997, 1549208150, 1549207840, 1549207336, 1549207037, 1549206869, 1549206272, 1549203347, 1547886516]
[1549202984, 1549202566, 1549200241, 1549197239, 1549196499, 1549195703, 1549195371, 1549194643, 1549194314, 1549193229, 1549192915, 1549192812, 1549192762, 1549191493, 1549191321, 1549191082, 1549190642, 1549190262, 1549189701, 1549189052, 1547886516]
[1549188292, 1549186805, 1549186115, 1549185768, 1549185302, 1549184144, 1549183871, 1549181456, 1549181391, 1549179842, 1549177997, 1549176717, 1549173746, 1549173104, 1549172894, 1549171170, 1549171031, 1549170183, 1549169810, 1549169678, 1547886516]
[1549169639, 1549169597, 1549168395, 1549168097, 1549167425, 1549167318, 1549166436, 1549164901, 1549164670, 1549164599, 1549164487, 1549164339, 1549162843, 1549162588, 1549162386, 1549162314, 1549161728, 1549160537, 1549160299, 1549159139, 1547886516]
[1549158889, 1549158685, 1549156973, 1549156513, 1549156282, 1549155271, 1549154340, 1549152694, 1549152088, 1549151549, 1549148701, 1549143959, 1549132313, 1549128098, 1549127907, 1549127353, 1549127337, 1549126110, 1549125706, 1549124865, 1547886516]
[1549124137, 1549121318, 1549121289, 1549120903, 1549120901, 1549120737, 1549120386, 1549120260, 1549120207, 1549119213, 1549116694, 1549115311, 1549114750, 1549114344, 1549114277, 1549113741, 1549112222, 1549111054, 1549111004, 1549104939, 1547886516]
[1549104361, 1549104273, 1549103995, 1549103387, 1549103060, 1549102763, 1549102719, 1549102421, 1549102185, 1549102065, 1549100842, 1549099743, 1549099321, 1549099064, 1549098546, 1549098430, 1549097879, 1549097763, 1549097694, 1549097022, 1547886516]
[1549096894, 1549096579, 1549096399, 1549096299, 1549096205, 1549095777, 1549095620, 1549095617, 1549095100, 1549095065, 1549094549, 1549094430, 1549094243, 1549094092, 1549093544, 1549093464, 1549093368, 1549093208, 1549092684, 1549092214, 1547886516]
[1549092186, 1549092151, 1549091728, 1549091114, 1549089167, 1549088794, 1549088175, 1549088051, 1549086805, 1549086760, 1549084847, 1549083809, 1549083088, 1549082976, 1549082754, 1549082246, 1549081816, 1549081538, 1549081504, 1549081218, 1547886516]
[1549080735, 1549080729, 1549080642, 1549080388, 1549080076, 1549079773, 1549079386, 1549079036, 1549078562, 1549078474, 1549078395, 1549077349, 1549077093, 1549076851, 1549076830, 1549076627, 1549076273, 1549075858, 1549075437, 1549075381, 1547886516]
[1549075227, 1549075166, 1549074921, 1549074355, 1549074246, 1549074149, 1549074098, 1549073978, 1549073960, 1549073923, 1549073846, 1549073799, 1549073657, 1549073428, 1549073417, 1549073348, 1549073323, 1549073322, 1549073142, 1549073084, 1547886516]
[1549073067, 1549073006, 1549073005, 1549072977, 1549072890, 1549072671, 1549072629, 1549070126, 1549066406, 1549066391, 1549063920, 1549063434, 1549060272, 1549048110, 1549044129, 1549042709, 1549028985, 1549027290, 1549025750, 1549025357, 1547886516]
[1549019996, 1549015460, 1549010320, 1549009357, 1548994808, 1548994288, 1548991865, 1548991755, 1548988191, 1548987685, 1548984715, 1548982697, 1548979052, 1548952354, 1548950991, 1548943889, 1548931091, 1548925946, 1548922387, 1548922092, 1547886516]
[1548921971, 1548916433, 1548914634, 1548912621, 1548899947, 1548898822, 1548898337, 1548881385, 1548880127, 1548879525, 1548877153, 1548865032, 1548864781, 1548863271, 1548861508, 1548861338, 1548860602, 1548860230, 1548859529, 1548858045, 1547886516]
[1548857578, 1548855833, 1548851760, 1548849969, 1548848709, 1548838608, 1548836720, 1548835675, 1548825213, 1548823582, 1548811874, 1548786006, 1548783107, 1548781682, 1548773295, 1548773076, 1548770810, 1548769717, 1548767097, 1548755170, 1547886516]
[1548754198, 1548751913, 1548750731, 1548749657, 1548744968, 1548743560, 1548743279, 1548740342, 1548740323, 1548739381, 1548738172, 1548737546, 1548731961, 1548731824, 1548728564, 1548703689, 1548697172, 1548686328, 1548683168, 1548682624, 1547886516]
[1548679436, 1548674306, 1548672107, 1548671846, 1548665605, 1548665274, 1548656495, 1548656472, 1548656157, 1548656148, 1548656101, 1548655527, 1548655229, 1548654874, 1548654730, 1548649696, 1548646902, 1548643261, 1548642536, 1548641067, 1547886516]
[1548634954, 1548632744, 1548615908, 1548613478, 1548613281, 1548612494, 1548612291, 1548608880, 1548607234, 1548606512, 1548604692, 1548603725, 1548602486, 1548602460, 1548600098, 1548600000, 1548598694, 1548597232, 1548596962, 1548593103, 1547886516]
[1548592771, 1548589132, 1548587916, 1548587862, 1548583301, 1548582748, 1548582114, 1548577636, 1548575521, 1548575136, 1548574041, 1548573117, 1548572947, 1548572719, 1548568673, 1548568165, 1548567787, 1548566902, 1548565709, 1548565700, 1547886516]
[1548562948, 1548562371, 1548559417, 1548559391, 1548558594, 1548557588, 1548557529, 1548556029, 1548555910, 1548553405, 1548552914, 1548552562, 1548552295, 1548552039, 1548551398, 1548551269, 1548550620, 1548545630, 1548544682, 1548542781, 1547886516]
[1548533637, 1548532619, 1548530902, 1548526723, 1548522896, 1548522520, 1548521165, 1548520746, 1548519739, 1548519307, 1548517262, 1548517183, 1548516705, 1548516638, 1548516553, 1548515289, 1548514707, 1548514622, 1548514004, 1548513576, 1547886516]
[1548512033, 1548511607, 1548511114, 1548510401, 1548510270, 1548510208, 1548509509, 1548509122, 1548509106, 1548508530, 1548507139, 1548506768, 1548506382, 1548506222, 1548506174, 1548506121, 1548506065, 1548505571, 1548505354, 1548505099, 1547886516]
[1548505053, 1548503193, 1548502623, 1548502582, 1548502424, 1548502389, 1548501985, 1548500762, 1548500598, 1548500260, 1548500059, 1548500014, 1548499488, 1548499487, 1548499214, 1548499113, 1548498322, 1548497957, 1548497815, 1548497419, 1547886516]
[1548496724, 1548496540, 1548495577, 1548495346, 1548494652, 1548494052, 1548493965, 1548493553, 1548493223, 1548493032, 1548492942, 1548491895, 1548490887, 1548490623, 1548490521, 1548490455, 1548489487, 1548489468, 1548489446, 1548489208, 1547886516]
[1548488907, 1548488901, 1548488852, 1548488602, 1548488529, 1548488476, 1548488456, 1548488266, 1548487672, 1548487636, 1548487370, 1548487341, 1548487312, 1548486987, 1548486072, 1548485853, 1548485355, 1548485193, 1548483991, 1548483813, 1547886516]
[1548483459, 1548482703, 1548482689, 1548482459, 1548482451, 1548482364, 1548482144, 1548481535, 1548480849, 1548480719, 1548480221, 1548480062, 1548479623, 1548479610, 1548478439, 1548478432, 1548478077, 1548478046, 1548477805, 1548476780, 1547886516]
[1548476595, 1548476545, 1548476234, 1548476175, 1548475779, 1548475573, 1548475566, 1548475550, 1548475543, 1548475354, 1548475091, 1548475027, 1548474731, 1548474587, 1548474543, 1548474411, 1548473955, 1548473911, 1548473703, 1548473242, 1547886516]
[1548473060, 1548472846, 1548472785, 1548472757, 1548472398, 1548471800, 1548471626, 1548471586, 1548471508, 1548471468, 1548471364, 1548471341, 1548471266, 1548470906, 1548470761, 1548470718, 1548470584, 1548470380, 1548470322, 1548470042, 1547886516]
[1548469956, 1548469820, 1548469773, 1548469484, 1548469381, 1548469362, 1548469350, 1548469213, 1548469045, 1548468933, 1548468931, 1548468876, 1548468840, 1548468830, 1548468823, 1548468732, 1548468666, 1548468645, 1548468629, 1548468624, 1547886516]
[1548468614, 1548468613, 1548468584, 1548468581, 1548468490, 1548468472, 1548468381, 1548468377, 1548468323, 1548468303, 1548468288, 1548468262, 1548468127, 1548468029, 1548467980, 1548467965, 1548467954, 1548467895, 1548467805, 1548467734, 1547886516]
[1548467467, 1548466200, 1548465825, 1548465200, 1548463674, 1548461445, 1548461320, 1548460740, 1548437008, 1548434323, 1548433351, 1548433090, 1548432978, 1548431829, 1548430622, 1548430414, 1548428068, 1548408876, 1548401663, 1548398154, 1547886516]
[1548394499, 1548389273, 1548385730, 1548383204, 1548372838, 1548369193, 1548352412, 1548342911, 1548342388, 1548341075, 1548339902, 1548337855, 1548337038, 1548330912, 1548311963, 1548311685, 1548307522, 1548300382, 1548298406, 1548295442, 1547886516]
[1548294699, 1548293903, 1548288756, 1548273462, 1548263188, 1548260334, 1548259886, 1548259195, 1548256740, 1548248089, 1548246993, 1548242439, 1548233938, 1548227490, 1548226321, 1548223252, 1548220800, 1548214802, 1548207371, 1548190574, 1547886516]
[1548181451, 1548178200, 1548175622, 1548175234, 1548168505, 1548166524, 1548163037, 1548161185, 1548159152, 1548150850, 1548142448, 1548137133, 1548131985, 1548129481, 1548128688, 1548127667, 1548127031, 1548126810, 1548125538, 1548117759, 1547886516]
[1548113722, 1548095123, 1548090240, 1548086291, 1548085813, 1548078516, 1548077260, 1548075412, 1548072118, 1548071408, 1548067335, 1548060643, 1548060119, 1548059633, 1548059233, 1548059201, 1548058113, 1548057086, 1548056898, 1548053474, 1547886516]
[1548051794, 1548048981, 1548048897, 1548047138, 1548042264, 1548037586, 1548036424, 1548035949, 1548035721, 1548033371, 1548032395, 1548031352, 1548025649, 1548024180, 1548022081, 1548016652, 1548010119, 1548009459, 1548009426, 1548008723, 1547886516]
[1548002880, 1548001689, 1547998968, 1547997615, 1547997330, 1547997180, 1547996702, 1547995475, 1547995285, 1547995222, 1547994790, 1547993977, 1547993803, 1547993534, 1547992794, 1547992100, 1547992090, 1547991975, 1547991888, 1547991572, 1547886516]
[1547991168, 1547990526, 1547990409, 1547989732, 1547989677, 1547989585, 1547989544, 1547989438, 1547989174, 1547988622, 1547987392, 1547985733, 1547984517, 1547983438, 1547978494, 1547977522, 1547976857, 1547975624, 1547974718, 1547974164, 1547886516]
[1547973855, 1547973290, 1547971064, 1547970844, 1547970068, 1547968761, 1547967824, 1547966806, 1547966464, 1547965434, 1547962944, 1547960511, 1547960058, 1547957219, 1547956390, 1547956380, 1547954852, 1547954687, 1547953924, 1547952551, 1547886516]
[1547952236, 1547951606, 1547950481, 1547950270, 1547949958, 1547949937, 1547949702, 1547949398, 1547949391, 1547948841, 1547948197, 1547947371, 1547946290, 1547946137, 1547945596, 1547945588, 1547942614, 1547942176, 1547942070, 1547942007, 1547886516]
[1547941982, 1547940987, 1547940182, 1547935528, 1547933800, 1547929549, 1547928003, 1547924178, 1547922973, 1547922327, 1547920664, 1547920532, 1547920080, 1547919909, 1547918954, 1547917082, 1547916999, 1547916971, 1547916037, 1547915975, 1547886516]
[1547915780, 1547915437, 1547914912, 1547914521, 1547914469, 1547914233, 1547914119, 1547914107, 1547913978, 1547913599, 1547913330, 1547913066, 1547912732, 1547912355, 1547912083, 1547911927, 1547911298, 1547911144, 1547911061, 1547910564, 1547886516]
[1547909834, 1547908556, 1547908520, 1547907832, 1547907269, 1547906915, 1547906891, 1547905723, 1547905656, 1547904031, 1547903956, 1547903412, 1547903183, 1547902835, 1547902424, 1547902336, 1547902081, 1547901988, 1547901512, 1547900736, 1547886516]
[1547899972, 1547899949, 1547899868, 1547899352, 1547899265, 1547899223, 1547899145, 1547898485, 1547898314, 1547898173, 1547897392, 1547896920, 1547896894, 1547896100, 1547895623, 1547895515, 1547895174, 1547894973, 1547894782, 1547894251, 1547886516]
[1547894200, 1547893926, 1547893644, 1547892996, 1547892742, 1547892155, 1547891987, 1547891876, 1547891856, 1547891710, 1547891481, 1547891196, 1547891120, 1547890815, 1547890596, 1547890160, 1547890037, 1547889693, 1547889432, 1547888822, 1547886516]
[1547888264, 1547888101, 1547888014, 1547887875, 1547887813, 1547887676, 1547887333, 1547887149, 1547886516, 1547886262, 1547886254, 1547886176, 1547886032, 1547885550, 1547885475, 1547885403, 1547884883, 1547884680, 1547884571, 1547884558, 1547886516]
[1547884487, 1547883296, 1547882645, 1547882225, 1547882047, 1547881957, 1547881820, 1547881395, 1547881094, 1547880356, 1547880001, 1547879813, 1547879490, 1547879388, 1547879265, 1547879058, 1547878977, 1547878713, 1547878396, 1547878199, 1547886516]
[1547878167, 1547877451, 1547877229, 1547877128, 1547876932, 1547876673, 1547876615, 1547876395, 1547875542, 1547875141, 1547875116, 1547874772, 1547874493, 1547874403, 1547874350, 1547874331, 1547874194, 1547874102, 1547874094, 1547874005, 1547886516]
[1547873978, 1547873841, 1547873768, 1547873501, 1547873418, 1547873276, 1547872971, 1547872950, 1547872866, 1547872813, 1547872708, 1547871899, 1547871865, 1547871757, 1547871698, 1547871593, 1547871548, 1547871523, 1547871345, 1547870988, 1547886516]
[1547870844, 1547870755, 1547870616, 1547870589, 1547870464, 1547870297, 1547870295, 1547870278, 1547870261, 1547870198, 1547870004, 1547869941, 1547869744, 1547869700, 1547869647, 1547869492, 1547869457, 1547869318, 1547869267, 1547869182, 1547886516]
[1547869130, 1547869112, 1547868864, 1547868810, 1547868353, 1547867851, 1547867825, 1547867809, 1547867678, 1547867556, 1547867550, 1547867536, 1547867332, 1547867239, 1547867158, 1547867152, 1547867098, 1547866951, 1547866948, 1547866801, 1547886516]
[1547866570, 1547866313, 1547866257, 1547866062, 1547866052, 1547866027, 1547865989, 1547865956, 1547865907, 1547865834, 1547865747, 1547865743, 1547865668, 1547865600, 1547865524, 1547865506, 1547865407, 1547865240, 1547865203, 1547865189, 1547886516]
[1547865029, 1547864999, 1547864979, 1547864903, 1547864882, 1547864819, 1547864816, 1547864747, 1547864545, 1547864452, 1547864366, 1547864263, 1547864221, 1547864144, 1547864138, 1547864114, 1547864109, 1547864067, 1547864049, 1547864009, 1547886516]
[1547863932, 1547863876, 1547863809, 1547863787, 1547863709, 1547863642, 1547863633, 1547863630, 1547863542, 1547863515, 1547863489, 1547863467, 1547863430, 1547863420, 1547863388, 1547863345, 1547863314, 1547863284, 1547863283, 1547863267, 1547886516]
[1547863252, 1547863248, 1547863244, 1547863234, 1547863137, 1547863020, 1547862993, 1547862953, 1547862922, 1547862911, 1547862790, 1547862730, 1547862701, 1547862684, 1547862641, 1547862585, 1547862120, 1547862081, 1547861948, 1547861804, 1547886516]
[1547861394, 1547861140, 1547861063, 1547860681, 1547860476, 1547859996, 1547859631, 1547859609, 1547859566, 1547858531, 1547858306, 1547857446, 1547857175, 1547857003, 1547856642, 1547854698, 1547852675, 1547851033, 1547849395, 1547839890, 1547886516]
[1547837346, 1547836732, 1547835726, 1547833541, 1547832454, 1547832023, 1547831808, 1547831019, 1547830615, 1547829842, 1547829575, 1547829543, 1547828996, 1547827202, 1547824620, 1547824337, 1547822795, 1547822766, 1547821627, 1547820823, 1547886516]
[1547820582, 1547819316, 1547817384, 1547817270, 1547815388, 1547814672, 1547814366, 1547810509, 1547807453, 1547803681, 1547802903, 1547795336, 1547790953, 1547789340, 1547786231, 1547783207, 1547780451, 1547780308, 1547777208, 1547776726, 1547886516]
[1547776613, 1547775080, 1547773012, 1547770808, 1547770695, 1547770160, 1547769958, 1547769466, 1547760425, 1547755468, 1547748317, 1547745319, 1547743258, 1547742236, 1547741907, 1547741622, 1547730303, 1547728895, 1547728663, 1547727192, 1547886516]
[1547727183, 1547719731, 1547719340, 1547718853, 1547718223, 1547717402, 1547717040, 1547716658, 1547716559, 1547716035, 1547703192, 1547702220, 1547701729, 1547700792, 1547700591, 1547699580, 1547696440, 1547693875, 1547690187, 1547687077, 1547886516]
[1547684788, 1547682713, 1547682501, 1547663150, 1547661006, 1547656554, 1547656495, 1547653889, 1547652012, 1547650787, 1547650122, 1547648741, 1547648732, 1547648080, 1547647148, 1547645609, 1547641079, 1547640844, 1547639394, 1547638974, 1547886516]
[1547638868, 1547638190, 1547638081, 1547637915, 1547627795, 1547627196, 1547616295, 1547612039, 1547609429, 1547605155, 1547599209, 1547568654, 1547549982, 1547546172, 1547541509, 1547534409, 1547530817, 1547529658, 1547525877, 1547523942, 1547886516]
[1547521701, 1547511697, 1547510392, 1547489066, 1547487656, 1547486354, 1547484521, 1547464999, 1547463162, 1547458708, 1547453865, 1547449937, 1547442069, 1547436367, 1547436251, 1547434935, 1547434437, 1547425743, 1547397016, 1547395058, 1547886516]
[1547392438, 1547388107, 1547387730, 1547382079, 1547381612, 1547380931, 1547379582, 1547377468, 1547374328, 1547372588, 1547369726, 1547369495, 1547367124, 1547366560, 1547366519, 1547363989, 1547362090, 1547361238, 1547360839, 1547358543, 1547886516]
[1547354145, 1547353882, 1547352648, 1547352643, 1547352229, 1547352063, 1547351710, 1547349694, 1547349349, 1547339237, 1547339182, 1547333368, 1547305300, 1547304930, 1547302994, 1547300670, 1547300520, 1547299646, 1547293855, 1547287133, 1547886516]
[1547283664, 1547280481, 1547278046, 1547277463, 1547277105, 1547275443, 1547274364, 1547273268, 1547272720, 1547268372, 1547264751, 1547263902, 1547262000, 1547257242, 1547252337, 1547229664, 1547229625, 1547227555, 1547225091, 1547224785, 1547886516]
[1547222907, 1547222640, 1547217896, 1547215305, 1547213935, 1547213597, 1547213012, 1547207208, 1547205836, 1547200426, 1547199485, 1547194129, 1547192793, 1547192688, 1547190092, 1547188404, 1547185972, 1547184337, 1547182247, 1547178694, 1547886516]
[1547169302, 1547168457, 1547168274, 1547161812, 1547159568, 1547149465, 1547142029, 1547140273, 1547138190, 1547135331, 1547134780, 1547134112, 1547133454, 1547131831, 1547131102, 1547129799, 1547128974, 1547125986, 1547125861, 1547124976, 1547886516]
[1547123969, 1547119274, 1547119104, 1547117870, 1547117704, 1547117565, 1547117134, 1547115298, 1547115098, 1547114612, 1547114596, 1547114534, 1547114517, 1547114028, 1547113612, 1547112936, 1547111570, 1547111317, 1547111266, 1547110498, 1547886516]
[1547110238, 1547109718, 1547108661, 1547108358, 1547107501, 1547107369, 1547107125, 1547107112, 1547106959, 1547106789, 1547106701, 1547105763, 1547105357, 1547103886, 1547102744, 1547102737, 1547102573, 1547102419, 1547101764, 1547101633, 1547886516]
[1547101403, 1547101393, 1547101103, 1547100695, 1547100652, 1547100540, 1547100320, 1547100226, 1547100136, 1547100124, 1547100022, 1547100013, 1547099984, 1547099979, 1547099966, 1547096925, 1547095861, 1547095352, 1547093659, 1547093037, 1547886516]
[1547091808, 1547088433, 1547085577, 1547082352, 1547080438, 1547079406, 1547078136, 1547076794, 1547070982, 1547059858, 1547049803, 1547049698, 1547049140, 1547046554, 1547046145, 1547045019, 1547042269, 1547042154, 1547041684, 1547036756, 1547886516]
[1547031395, 1547027018, 1547021994, 1547021955, 1547020613, 1547020603, 1547020344, 1547018237, 1547011479, 1547006063, 1547005480, 1547003784, 1546998820, 1546993540, 1546991726, 1546990577, 1546988733, 1546959871, 1546950367, 1546949417, 1547886516]
[1546942703, 1546938228, 1546925814, 1546924104, 1546922479, 1546920615, 1546920405, 1546919029, 1546909949, 1546907364, 1546873426, 1546844293, 1546837397, 1546837327, 1546836984, 1546836676, 1546833791, 1546833721, 1546831624, 1546831318, 1547886516]
[1546830991, 1546821841, 1546817113, 1546805302, 1546796345, 1546790236, 1546783307, 1546781644, 1546779113, 1546778900, 1546767257, 1546767040, 1546765986, 1546765511, 1546765348, 1546764168, 1546762463, 1546748655, 1546748011, 1546738670, 1547886516]
[1546709454, 1546709327, 1546695513, 1546694619, 1546681876, 1546680689, 1546680606, 1546679779, 1546679218, 1546676995, 1546673876, 1546672701, 1546668366, 1546661254, 1546661119, 1546659943, 1546658299, 1546657685, 1546657642, 1546653119, 1547886516]
[1546645664, 1546627621, 1546612711, 1546600035, 1546592544, 1546587896, 1546584428, 1546580128, 1546577709, 1546577281, 1546573595, 1546573546, 1546560798, 1546552561, 1546543224, 1546525764, 1546524754, 1546517171, 1546516552, 1546513986, 1547886516]
[1546513347, 1546510727, 1546507471, 1546506977, 1546504949, 1546502833, 1546495205, 1546482197, 1546480769, 1546473736, 1546456776, 1546443194, 1546440562, 1546439942, 1546436084, 1546435905, 1546432470, 1546431958, 1546429473, 1546427579, 1547886516]
[1546425751, 1546421160, 1546418325, 1546414013, 1546413524, 1546412947, 1546406607, 1546404864, 1546403296, 1546397494, 1546393231, 1546356127, 1546351610, 1546351580, 1546348642, 1546346175, 1546345081, 1546344386, 1546339910, 1546338957, 1547886516]
[1546334253, 1546329548, 1546323962, 1546314351, 1546311959, 1546307406, 1546305678, 1546305120, 1546304759, 1546302490, 1546295560, 1546294749, 1546281855, 1546275804, 1546275719, 1546275376, 1546274551, 1546272906, 1546272115, 1546271717, 1547886516]
[1546269559, 1546268400, 1546265196, 1546265149, 1546264523, 1546263039, 1546260653, 1546244184, 1546233048, 1546229004, 1546226430, 1546223815, 1546213566, 1546202569, 1546200754, 1546195523, 1546185022, 1546182197, 1546179528, 1546169612, 1547886516]
[1546169284, 1546168348, 1546164897, 1546164828, 1546159530, 1546158395, 1546156983, 1546156011, 1546155753, 1546146693, 1546143276, 1546142008, 1546129368, 1546105792, 1546098194, 1546081157, 1546078879, 1546078077, 1546077740, 1546076873, 1547886516]
[1546073280, 1546071982, 1546071131, 1546057183, 1546054701, 1546050944, 1546050338, 1546036224, 1546030975, 1546004660, 1546001043, 1545995801, 1545995038, 1545994287, 1545993371, 1545992056, 1545987104, 1545985300, 1545983583, 1545966894, 1547886516]
[1545963646, 1545962737, 1545955568, 1545954003, 1545948057, 1545934330, 1545933717, 1545929554, 1545927825, 1545927106, 1545924741, 1545923074, 1545921733, 1545920481, 1545919911, 1545919858, 1545918811, 1545913717, 1545913369, 1545912083, 1547886516]
[1545911146, 1545911021, 1545910991, 1545910358, 1545909973, 1545909913, 1545909673, 1545906851, 1545904587, 1545904226, 1545903553, 1545903368, 1545903313, 1545900094, 1545899502, 1545899202, 1545895381, 1545895279, 1545895144, 1545894868, 1547886516]
[1545893393, 1545893229, 1545891646, 1545890806, 1545890483, 1545889982, 1545889982, 1545889896, 1545888926, 1545888830, 1545888518, 1545888444, 1545888413, 1545888284, 1545888269, 1545888221, 1545888082, 1545888035, 1545887717, 1545887512, 1547886516]
[1545887437, 1545887376, 1545887314, 1545886920, 1545886797, 1545886390, 1545886299, 1545886185, 1545886061, 1545885994, 1545885911, 1545885780, 1545885650, 1545885614, 1545885141, 1545884830, 1545884313, 1545884178, 1545883604, 1545883291, 1547886516]
[1545882486, 1545881953, 1545881682, 1545881002, 1545880665, 1545880311, 1545876158, 1545875330, 1545875023, 1545873656, 1545873389, 1545873369, 1545873316, 1545873262, 1545873185, 1545873118, 1545873118, 1545873091, 1545872998, 1545872481, 1547886516]
[1545869502, 1545869027, 1545868626, 1545865090, 1545864035, 1545846665, 1545845691, 1545841470, 1545839103, 1545838751, 1545838726, 1545838176, 1545837233, 1545835159, 1545834772, 1545830369, 1545826536, 1545826050, 1545823574, 1545822958, 1547886516]
[1545822914, 1545822865, 1545822310, 1545822200, 1545822170, 1547886516]
