[1557369850, 1557369300, 1557368806, 1557368258, 1557368218, 1557367944, 1557367477, 1557366868, 1557365222, 1557363698, 1557363522, 1557362492, 1557360741, 1557360519, 1557357427, 1557356470, 1557351381, 1557341159, 1557337056, 1557335695, 1557245895]
[1557334698, 1557332771, 1557331842, 1557331776, 1557331710, 1557331645, 1557331608, 1557329662, 1557329630, 1557329575, 1557328860, 1557328789, 1557328304, 1557327613, 1557327388, 1557327386, 1557326333, 1557326272, 1557325490, 1557325189, 1557245895]
[1557325099, 1557323958, 1557323177, 1557322769, 1557322692, 1557322518, 1557322161, 1557321666, 1557320541, 1557315694, 1557315675, 1557315556, 1557314493, 1557312739, 1557311028, 1557309190, 1557309101, 1557308986, 1557308907, 1557308689, 1557245895]
[1557307652, 1557307029, 1557305704, 1557305579, 1557305483, 1557305343, 1557304830, 1557303943, 1557303772, 1557302929, 1557302926, 1557302787, 1557302228, 1557299709, 1557299608, 1557299463, 1557299123, 1557298497, 1557297529, 1557296899, 1557245895]
[1557295347, 1557295158, 1557295019, 1557294295, 1557292998, 1557292321, 1557292293, 1557291902, 1557291410, 1557291175, 1557291055, 1557290950, 1557289699, 1557288552, 1557288321, 1557287824, 1557286307, 1557286285, 1557286225, 1557285822, 1557245895]
[1557285029, 1557284938, 1557284559, 1557283572, 1557283357, 1557283345, 1557283182, 1557282804, 1557282006, 1557281650, 1557281133, 1557281044, 1557280487, 1557280414, 1557280018, 1557279255, 1557278620, 1557278488, 1557277556, 1557277260, 1557245895]
[1557277050, 1557276791, 1557276774, 1557275432, 1557275232, 1557275079, 1557274781, 1557274285, 1557274283, 1557273893, 1557273720, 1557273602, 1557273392, 1557273383, 1557273241, 1557273091, 1557272884, 1557272060, 1557271909, 1557271854, 1557245895]
[1557271822, 1557271746, 1557271736, 1557271652, 1557271442, 1557271146, 1557271131, 1557271129, 1557271078, 1557270906, 1557270783, 1557270686, 1557270339, 1557270272, 1557270250, 1557270235, 1557269503, 1557269443, 1557269201, 1557268711, 1557245895]
[1557268634, 1557268372, 1557268171, 1557266044, 1557263877, 1557263150, 1557258934, 1557257463, 1557254372, 1557254364, 1557252521, 1557251372, 1557251359, 1557251310, 1557251290, 1557250728, 1557250585, 1557250454, 1557250229, 1557250070, 1557245895]
[1557249976, 1557249874, 1557249845, 1557249550, 1557249219, 1557248894, 1557248865, 1557248814, 1557248712, 1557248658, 1557248485, 1557248195, 1557247941, 1557247805, 1557247678, 1557247555, 1557247534, 1557247509, 1557246873, 1557246796, 1557245895]
[1557246787, 1557246388, 1557246261, 1557246186, 1557246134, 1557246009, 1557245995, 1557245965, 1557245963, 1557245958, 1557245895, 1557245858, 1557245854, 1557245841, 1557245771, 1557245723, 1557245710, 1557245699, 1557245666, 1557245642, 1557245895]
[1557245599, 1557245588, 1557245552, 1557245546, 1557245535, 1557245511, 1557245448, 1557245431, 1557245428, 1557245394, 1557245385, 1557245371, 1557245362, 1557245358, 1557245342, 1557245338, 1557245286, 1557245275, 1557245272, 1557245265, 1557245895]
[1557245264, 1557245259, 1557245252, 1557245233, 1557245192, 1557245175, 1557245175, 1557245173, 1557245171, 1557245145, 1557245136, 1557245107, 1557245102, 1557245100, 1557245081, 1557245081, 1557245032, 1557245024, 1557245016, 1557244988, 1557245895]
[1557244970, 1557244965, 1557244964, 1557244950, 1557244947, 1557244941, 1557244914, 1557244912, 1557244905, 1557244899, 1557244898, 1557244888, 1557244882, 1557244881, 1557244879, 1557244872, 1557244866, 1557244863, 1557244861, 1557244860, 1557245895]
[1557244860, 1557244857, 1557244842, 1557244840, 1557244837, 1557244836, 1557244834, 1557244827, 1557244827, 1557244826, 1557244823, 1557244823, 1557244817, 1557244812, 1557244812, 1557244812, 1557244808, 1557244807, 1557244807, 1557244806, 1557245895]
[1557244805, 1557244802, 1557244800, 1557244799, 1557244799, 1557244774, 1557242674, 1557242195, 1557242098, 1557240967, 1557240670, 1557239099, 1557238539, 1557236467, 1557230700, 1557227955, 1557213247, 1557201288, 1557200544, 1557190093, 1557245895]
[1557187778, 1557186794, 1557180309, 1557163982, 1557157366, 1557155385, 1557151267, 1557144344, 1557142478, 1557142084, 1557134739, 1557130238, 1557126846, 1557123981, 1557119226, 1557116972, 1557099128, 1557082392, 1557068274, 1557067928, 1557245895]
[1557067927, 1557067022, 1557061821, 1557061354, 1557058024, 1557057781, 1557055867, 1557055589, 1557055212, 1557053303, 1557052570, 1557048584, 1557048456, 1557046739, 1557044501, 1557043220, 1557035949, 1557033270, 1557032320, 1557032248, 1557245895]
[1557031963, 1557031547, 1557029457, 1557028977, 1557016470, 1557014673, 1557014354, 1556988155, 1556987612, 1556986702, 1556986645, 1556986496, 1556986029, 1556985770, 1556985745, 1556985287, 1556983709, 1556982686, 1556982417, 1556971712, 1557245895]
[1556971063, 1556966951, 1556964972, 1556955329, 1556947378, 1556945746, 1556945618, 1556941948, 1556930334, 1556929197, 1556926739, 1556918388, 1556909312, 1556904104, 1556899499, 1556898033, 1556892470, 1556888209, 1556884168, 1556884055, 1557245895]
[1556881911, 1556876869, 1556875193, 1556874427, 1556864915, 1556858710, 1556856611, 1556848099, 1556815218, 1556813720, 1556813590, 1556812456, 1556811921, 1556809105, 1556808667, 1556802055, 1556799907, 1556798434, 1556796605, 1556793646, 1557245895]
[1556789844, 1556786979, 1556784832, 1556781266, 1556779370, 1556777121, 1556776940, 1556772922, 1556771866, 1556763040, 1556763016, 1556761530, 1556751899, 1556735428, 1556731830, 1556730896, 1556727909, 1556725267, 1556723684, 1556718887, 1557245895]
[1556718260, 1556714946, 1556714844, 1556714699, 1556710388, 1556710268, 1556707262, 1556705322, 1556704302, 1556702439, 1556700452, 1556699318, 1556697356, 1556695829, 1556692248, 1556690386, 1556689011, 1556688163, 1556685152, 1556684915, 1557245895]
[1556678137, 1556673126, 1556665002, 1556664624, 1556645126, 1556641393, 1556641342, 1556638179, 1556637636, 1556636739, 1556631350, 1556622660, 1556618636, 1556603494, 1556600705, 1556599437, 1556597464, 1556593326, 1556593103, 1556591517, 1557245895]
[1556590554, 1556589792, 1556588504, 1556585050, 1556584770, 1556579636, 1556559888, 1556559612, 1556554501, 1556553811, 1556553437, 1556550690, 1556549842, 1556548738, 1556548655, 1556548541, 1556547191, 1556546343, 1556539635, 1556538478, 1557245895]
[1556536057, 1556527936, 1556523202, 1556519667, 1556519590, 1556517052, 1556511225, 1556510691, 1556509511, 1556507666, 1556493734, 1556470075, 1556466895, 1556466040, 1556462248, 1556462211, 1556457663, 1556456332, 1556454855, 1556452529, 1557245895]
[1556445034, 1556437326, 1556432120, 1556427104, 1556426562, 1556425105, 1556421227, 1556419405, 1556417070, 1556416870, 1556414924, 1556414478, 1556412613, 1556408170, 1556381829, 1556378606, 1556375034, 1556374039, 1556374011, 1556372746, 1557245895]
[1556371272, 1556367334, 1556363153, 1556358272, 1556354479, 1556347543, 1556341298, 1556340534, 1556331715, 1556329830, 1556319410, 1556316840, 1556297521, 1556296908, 1556290122, 1556281921, 1556281284, 1556274920, 1556273583, 1556272938, 1557245895]
[1556272246, 1556270024, 1556266423, 1556260360, 1556259995, 1556255951, 1556253044, 1556250871, 1556249082, 1556243853, 1556236460, 1556235563, 1556232983, 1556213765, 1556209811, 1556207079, 1556206269, 1556206161, 1556205271, 1556203065, 1557245895]
[1556194362, 1556193853, 1556183589, 1556179276, 1556175051, 1556174715, 1556174456, 1556172360, 1556172265, 1556172227, 1556171819, 1556161818, 1556161707, 1556160100, 1556156002, 1556151998, 1556151917, 1556151755, 1556142885, 1556130234, 1557245895]
[1556127741, 1556120235, 1556116723, 1556111257, 1556105665, 1556104425, 1556098294, 1556097969, 1556083701, 1556082587, 1556082316, 1556077003, 1556073809, 1556068365, 1556064997, 1556059477, 1556056685, 1556048903, 1556047868, 1556036843, 1557245895]
[1556035631, 1556034586, 1556029672, 1556029163, 1556022562, 1556022430, 1556019985, 1556017191, 1556013373, 1556010346, 1556010254, 1556001928, 1555996871, 1555993993, 1555987906, 1555987430, 1555983254, 1555970720, 1555970224, 1555957973, 1557245895]
[1555957918, 1555955299, 1555953565, 1555952480, 1555950750, 1555950018, 1555945158, 1555943415, 1555941667, 1555936118, 1555932637, 1555927840, 1555916968, 1555911482, 1555911124, 1555908921, 1555907781, 1555907658, 1555904331, 1555901879, 1557245895]
[1555900744, 1555897378, 1555896182, 1555895358, 1555894806, 1555893587, 1555888531, 1555886250, 1555866517, 1555863352, 1555859409, 1555858452, 1555853667, 1555849953, 1555844663, 1555843890, 1555842563, 1555840547, 1555833237, 1555832618, 1557245895]
[1555830572, 1555826799, 1555826734, 1555814463, 1555812162, 1555802667, 1555800933, 1555795053, 1555783113, 1555781813, 1555781452, 1555775235, 1555772949, 1555762707, 1555759872, 1555758714, 1555757670, 1555751742, 1555751089, 1555747560, 1557245895]
[1555746189, 1555743171, 1555739150, 1555736315, 1555734032, 1555733921, 1555733256, 1555732384, 1555732144, 1555730449, 1555729795, 1555729681, 1555728264, 1555726358, 1555726309, 1555724089, 1555723600, 1555722253, 1555688884, 1555687205, 1557245895]
[1555686673, 1555686549, 1555686322, 1555686173, 1555685240, 1555682812, 1555682713, 1555682510, 1555682217, 1555680901, 1555680838, 1555679474, 1555679029, 1555678700, 1555677753, 1555677628, 1555677264, 1555675249, 1555674846, 1555673078, 1557245895]
[1555672712, 1555672417, 1555671764, 1555671567, 1555670376, 1555669640, 1555667474, 1555667132, 1555666788, 1555664636, 1555664475, 1555663287, 1555662069, 1555660959, 1555659958, 1555659892, 1555659236, 1555657311, 1555650695, 1555650281, 1557245895]
[1555649080, 1555647981, 1555646155, 1555644066, 1555642017, 1555641386, 1555641093, 1555641055, 1555639944, 1555639901, 1555639011, 1555638707, 1555638642, 1555637700, 1555637531, 1555637292, 1555636373, 1555636199, 1555633945, 1555632070, 1557245895]
[1555631991, 1555631926, 1555630627, 1555630246, 1555629008, 1555628927, 1555628820, 1555628009, 1555627947, 1555627431, 1555627292, 1555626795, 1555626288, 1555624985, 1555621790, 1555616272, 1555616010, 1555615770, 1555609771, 1555608711, 1557245895]
[1555608532, 1555608188, 1555607300, 1555606667, 1555606574, 1555606528, 1555606509, 1555606102, 1555605009, 1555604936, 1555604526, 1555603765, 1555603677, 1555603413, 1555603304, 1555603236, 1555603137, 1555603048, 1555603011, 1555602935, 1557245895]
[1555602723, 1555602562, 1555602452, 1555602146, 1555602119, 1555601779, 1555601387, 1555601193, 1555600984, 1555600976, 1555600713, 1555600689, 1555600425, 1555600397, 1555600236, 1555599628, 1555599527, 1555599071, 1555598620, 1555598388, 1557245895]
[1555597028, 1555596537, 1555596504, 1555596261, 1555596098, 1555595811, 1555595499, 1555595335, 1555595136, 1555594924, 1555594876, 1555594788, 1555593875, 1555593364, 1555593257, 1555593255, 1555593228, 1555592510, 1555591544, 1555591424, 1557245895]
[1555591040, 1555590994, 1555588714, 1555588417, 1555588412, 1555588306, 1555587932, 1555587678, 1555586996, 1555586775, 1555586294, 1555585849, 1555585560, 1555585421, 1555584239, 1555584114, 1555584048, 1555584004, 1555583636, 1555582448, 1557245895]
[1555581880, 1555580262, 1555580078, 1555579775, 1555579676, 1555579605, 1555579511, 1555579169, 1555578566, 1555578507, 1555577932, 1555577130, 1555576671, 1555575781, 1555574720, 1555574637, 1555573795, 1555573713, 1555572706, 1555572660, 1557245895]
[1555572606, 1555572493, 1555572409, 1555571833, 1555571655, 1555571639, 1555571570, 1555571209, 1555570897, 1555569797, 1555569184, 1555567791, 1555567521, 1555566559, 1555566319, 1555566309, 1555565281, 1555565136, 1555565011, 1555564736, 1557245895]
[1555564597, 1555564491, 1555564155, 1555564019, 1555563654, 1555563534, 1555563509, 1555563256, 1555563191, 1555562628, 1555562622, 1555562547, 1555562294, 1555562292, 1555562053, 1555561896, 1555561779, 1555561766, 1555561691, 1555561470, 1557245895]
[1555561347, 1555561104, 1555560840, 1555560735, 1555560661, 1555560626, 1555560597, 1555560206, 1555560137, 1555559807, 1555559378, 1555559232, 1555559187, 1555558906, 1555558787, 1555558477, 1555558177, 1555558048, 1555557793, 1555557735, 1557245895]
[1555557480, 1555557461, 1555557461, 1555557349, 1555557329, 1555557131, 1555556996, 1555556857, 1555556839, 1555556233, 1555555867, 1555555853, 1555555406, 1555555301, 1555554476, 1555554475, 1555554312, 1555554026, 1555554019, 1555554015, 1557245895]
[1555554002, 1555553870, 1555553323, 1555553155, 1555552802, 1555552772, 1555552514, 1555552481, 1555552296, 1555552272, 1555552185, 1555551879, 1555550940, 1555550509, 1555550476, 1555550260, 1555550163, 1555550013, 1555550003, 1555549800, 1557245895]
[1555549734, 1555549710, 1555549615, 1555549170, 1555549006, 1555548918, 1555548779, 1555548743, 1555548231, 1555548103, 1555547644, 1555547560, 1555547187, 1555547180, 1555547102, 1555546813, 1555546583, 1555546469, 1555546153, 1555546072, 1557245895]
[1555546052, 1555545852, 1555545846, 1555545751, 1555545673, 1555545670, 1555545454, 1555545256, 1555545120, 1555544919, 1555544724, 1555544427, 1555544123, 1555543998, 1555543500, 1555543423, 1555543163, 1555543147, 1555542974, 1555542504, 1557245895]
[1555542370, 1555541636, 1555541538, 1555541321, 1555541188, 1555541165, 1555541147, 1555540654, 1555540302, 1555540264, 1555539928, 1555539906, 1555539669, 1555539439, 1555539337, 1555538623, 1555538517, 1555537796, 1555537332, 1555534432, 1557245895]
[1555530897, 1555530399, 1555529443, 1555526847, 1555526494, 1555526309, 1555524021, 1555523400, 1555523344, 1555522661, 1555522483, 1555522060, 1555521732, 1555521452, 1555520878, 1555520800, 1555520724, 1555520530, 1555520422, 1555520289, 1557245895]
[1555520022, 1555519951, 1555519518, 1555519396, 1555519233, 1555519170, 1555519134, 1555519092, 1555519074, 1555519038, 1555518648, 1555518634, 1555518543, 1555518521, 1555518504, 1555518427, 1555518400, 1555518333, 1555518234, 1555518209, 1557245895]
[1555518055, 1555517920, 1555517886, 1555517872, 1555517857, 1555517850, 1555517815, 1555517767, 1555517699, 1555517693, 1555517669, 1555517663, 1555517631, 1555517623, 1555517606, 1555517594, 1555517565, 1555517549, 1555517497, 1555517416, 1557245895]
[1555517318, 1555517268, 1555517247, 1555517241, 1555517216, 1555517210, 1555517180, 1555517175, 1555517157, 1555517136, 1555517121, 1555517111, 1555513832, 1555513484, 1555511530, 1555508184, 1555503586, 1555503355, 1555499764, 1555495358, 1557245895]
[1555492657, 1555489673, 1555487240, 1555486998, 1555485547, 1555481718, 1555480803, 1555480019, 1555477456, 1555474265, 1555472314, 1555468002, 1555465781, 1555463191, 1555459026, 1555441960, 1555437228, 1555434187, 1555434151, 1555433050, 1557245895]
[1555431242, 1555428988, 1555427823, 1555424405, 1555423624, 1555421954, 1555421112, 1555417111, 1555416332, 1555413425, 1555413169, 1555411840, 1555411738, 1555411327, 1555411158, 1555410848, 1555408357, 1555406649, 1555406115, 1555400257, 1557245895]
[1555400041, 1555398648, 1555393851, 1555392271, 1555390780, 1555388118, 1555387646, 1555387226, 1555385294, 1555383912, 1555379741, 1555378478, 1555378389, 1555374739, 1555371685, 1555371349, 1555370889, 1555353279, 1555347816, 1555344753, 1557245895]
[1555343965, 1555340542, 1555339932, 1555339581, 1555336431, 1555335248, 1555335119, 1555334239, 1555331994, 1555331151, 1555330589, 1555324297, 1555316210, 1555314757, 1555312844, 1555311544, 1555306889, 1555304616, 1555301997, 1555299876, 1557245895]
[1555298540, 1555298085, 1555295067, 1555286216, 1555284157, 1555255540, 1555255153, 1555253101, 1555250274, 1555244805, 1555244772, 1555241038, 1555222013, 1555212251, 1555210662, 1555210160, 1555204949, 1555185889, 1555175019, 1555173958, 1557245895]
[1555167245, 1555166617, 1555159954, 1555159906, 1555151975, 1555151863, 1555130459, 1555130435, 1555127827, 1555118521, 1555118141, 1555116528, 1555116393, 1555089148, 1555087177, 1555085941, 1555085897, 1555081291, 1555075140, 1555071843, 1557245895]
[1555070192, 1555060560, 1555058706, 1555051076, 1555046647, 1555043365, 1555041927, 1555040193, 1555039491, 1555038323, 1555036186, 1555036121, 1555035742, 1555028218, 1555024765, 1555022767, 1555020586, 1555006447, 1555003430, 1555002122, 1557245895]
[1554995473, 1554994640, 1554994190, 1554993301, 1554989147, 1554987715, 1554981246, 1554978283, 1554977726, 1554975552, 1554973681, 1554970229, 1554967558, 1554956591, 1554955309, 1554955045, 1554954255, 1554950565, 1554941284, 1554940868, 1557245895]
[1554939221, 1554937212, 1554925733, 1554913171, 1554910507, 1554909258, 1554909026, 1554908997, 1554906573, 1554906512, 1554903765, 1554902732, 1554902705, 1554898339, 1554896010, 1554874580, 1554872395, 1554870618, 1554866713, 1554866428, 1557245895]
[1554864923, 1554861898, 1554860946, 1554860777, 1554857612, 1554855085, 1554852371, 1554851461, 1554850500, 1554831069, 1554829342, 1554828611, 1554827509, 1554826810, 1554826367, 1554824450, 1554824351, 1554823992, 1554822198, 1554811063, 1557245895]
[1554803378, 1554803255, 1554802419, 1554791346, 1554786589, 1554780100, 1554776170, 1554774803, 1554769400, 1554767525, 1554761193, 1554743807, 1554742347, 1554739522, 1554734034, 1554730485, 1554729281, 1554723917, 1554723799, 1554712683, 1557245895]
[1554711564, 1554707712, 1554704115, 1554697664, 1554697394, 1554697169, 1554696113, 1554693640, 1554692165, 1554691876, 1554691319, 1554689549, 1554687239, 1554685464, 1554679740, 1554677252, 1554675078, 1554657972, 1554656152, 1554654762, 1557245895]
[1554652529, 1554651616, 1554646490, 1554646446, 1554646178, 1554644647, 1554644152, 1554643409, 1554638778, 1554637052, 1554636892, 1554636254, 1554628673, 1554628594, 1554623884, 1554621358, 1554617482, 1554616113, 1554614508, 1554612579, 1557245895]
[1554604771, 1554603424, 1554601698, 1554601691, 1554600543, 1554597703, 1554596777, 1554595577, 1554590718, 1554584869, 1554577231, 1554574090, 1554570141, 1554569932, 1554569851, 1554568869, 1554568373, 1554568342, 1554566954, 1554566085, 1557245895]
[1554565961, 1554564262, 1554563815, 1554562924, 1554560213, 1554554160, 1554553920, 1554552782, 1554547532, 1554542779, 1554538440, 1554537873, 1554536506, 1554534757, 1554530537, 1554526688, 1554526594, 1554526242, 1554524674, 1554524046, 1557245895]
[1554523425, 1554521181, 1554517995, 1554516798, 1554516673, 1554516666, 1554510658, 1554509474, 1554497949, 1554493353, 1554489902, 1554486399, 1554483882, 1554481755, 1554480129, 1554478903, 1554477813, 1554476449, 1554465470, 1554464918, 1557245895]
[1554462831, 1554459323, 1554458328, 1554454452, 1554451825, 1554450507, 1554444153, 1554444136, 1554443604, 1554443375, 1554440244, 1554438372, 1554438002, 1554435607, 1554434374, 1554430196, 1554428754, 1554399894, 1554395636, 1554395599, 1557245895]
[1554395370, 1554394025, 1554393743, 1554390771, 1554389943, 1554388206, 1554384156, 1554378853, 1554375851, 1554373866, 1554371938, 1554371045, 1554367091, 1554365844, 1554365673, 1554362379, 1554359904, 1554358052, 1554352806, 1554352458, 1557245895]
[1554350024, 1554341794, 1554333995, 1554332934, 1554332835, 1554322668, 1554314218, 1554308281, 1554307856, 1554307263, 1554303267, 1554291323, 1554280391, 1554274854, 1554267868, 1554263922, 1554263637, 1554263375, 1554261782, 1554258878, 1557245895]
[1554255463, 1554255339, 1554254633, 1554243008, 1554228463, 1554224309, 1554223814, 1554221441, 1554216036, 1554209596, 1554207695, 1554204288, 1554201818, 1554199740, 1554197778, 1554186147, 1554179671, 1554177826, 1554177215, 1554173934, 1557245895]
[1554173480, 1554163434, 1554160090, 1554155923, 1554139877, 1554131842, 1554123218, 1554113304, 1554111189, 1554100648, 1554098264, 1554095235, 1554093444, 1554091157, 1554090921, 1554090081, 1554088812, 1554082926, 1554082909, 1554077043, 1557245895]
[1554074686, 1554069351, 1554051332, 1554049199, 1554048670, 1554048451, 1554044020, 1554043758, 1554042605, 1554039912, 1554038360, 1554036335, 1554036131, 1554029661, 1554028285, 1554016942, 1554016543, 1554014586, 1554011332, 1554009226, 1557245895]
[1554007595, 1554007081, 1554006043, 1554004912, 1554002277, 1554000546, 1553992824, 1553965437, 1553965222, 1553964481, 1553962443, 1553959456, 1553958122, 1553955991, 1553955980, 1553955934, 1553955369, 1553940152, 1553936701, 1553926652, 1557245895]
[1553924455, 1553921396, 1553917691, 1553916197, 1553915847, 1553912911, 1553910611, 1553909798, 1553908537, 1553906016, 1553904601, 1553903177, 1553892268, 1553887976, 1553882050, 1553879894, 1553878500, 1553877387, 1553876119, 1553873431, 1557245895]
[1553868841, 1553868131, 1553867576, 1553865116, 1553863515, 1553863293, 1553848040, 1553838182, 1553827448, 1553816676, 1553814271, 1553813725, 1553812210, 1553796233, 1553796137, 1553791313, 1553790369, 1553789223, 1553789082, 1553788204, 1557245895]
[1553776934, 1553774262, 1553770875, 1553768314, 1553763015, 1553753294, 1553750283, 1553748096, 1553746417, 1553745864, 1553744438, 1553744355, 1553733081, 1553731399, 1553730219, 1553723968, 1553723953, 1553706689, 1553702195, 1553701201, 1557245895]
[1553699372, 1553698124, 1553697754, 1553691532, 1553690534, 1553687928, 1553682285, 1553680143, 1553675865, 1553668549, 1553664410, 1553662620, 1553660746, 1553660566, 1553660406, 1553659860, 1553655918, 1553653449, 1553638291, 1553626148, 1557245895]
[1553624953, 1553623608, 1553622767, 1553618898, 1553617062, 1553616998, 1553616301, 1553615495, 1553613117, 1553613105, 1553609499, 1553599481, 1553596305, 1553590488, 1553589043, 1553574891, 1553573825, 1553573655, 1553569791, 1553566345, 1557245895]
[1553558423, 1553556965, 1553554885, 1553552915, 1553552076, 1553534332, 1553531489, 1553530310, 1553529703, 1553527832, 1553520995, 1553519283, 1553518735, 1553508010, 1553506720, 1553498120, 1553493049, 1553490649, 1553490158, 1553478909, 1557245895]
[1553477176, 1553476385, 1553474412, 1553472436, 1553448234, 1553444999, 1553444541, 1553443219, 1553440382, 1553438830, 1553437508, 1553434421, 1553432136, 1553426695, 1553426651, 1553421227, 1553420398, 1553419536, 1553413512, 1553408894, 1557245895]
[1553404659, 1553404431, 1553391039, 1553389505, 1553361953, 1553360770, 1553356630, 1553354975, 1553352988, 1553347721, 1553347461, 1553342071, 1553330610, 1553329109, 1553320413, 1553315225, 1553313162, 1553307105, 1553306203, 1553301272, 1557245895]
[1553290596, 1553281466, 1553279253, 1553278702, 1553274780, 1553274037, 1553272438, 1553271342, 1553271254, 1553271055, 1553271011, 1553266472, 1553263434, 1553250913, 1553250129, 1553245990, 1553234580, 1553234020, 1553233969, 1553233781, 1557245895]
[1553230793, 1553230441, 1553228327, 1553224647, 1553209397, 1553193502, 1553187913, 1553187723, 1553186748, 1553186174, 1553179659, 1553169541, 1553167173, 1553160965, 1553160821, 1553157236, 1553154367, 1553150164, 1553146993, 1553145993, 1557245895]
[1553143548, 1553143142, 1553142251, 1553136973, 1553136738, 1553133522, 1553107789, 1553104051, 1553101929, 1553101317, 1553099987, 1553098571, 1553098258, 1553097371, 1553091816, 1553091393, 1553089451, 1553086342, 1553085137, 1553070928, 1557245895]
[1553068817, 1553065938, 1553062805, 1553061580, 1553059425, 1553057441, 1553057177, 1553055722, 1553054113, 1553048254, 1553046672, 1553044984, 1553044812, 1553042286, 1553041689, 1553041395, 1553041257, 1553036951, 1553035358, 1553032221, 1557245895]
[1553019684, 1553016236, 1553015325, 1553012324, 1553012186, 1553009558, 1552996962, 1552996864, 1552996841, 1552992571, 1552992368, 1552990343, 1552989836, 1552985526, 1552981045, 1552980074, 1552967581, 1552965963, 1552963923, 1552962803, 1557245895]
[1552961337, 1552959486, 1552959459, 1552959224, 1552957543, 1552956086, 1552954624, 1552928457, 1552928433, 1552928409, 1552927645, 1552925746, 1552923492, 1552921019, 1552918064, 1552918052, 1552911241, 1552908689, 1552905790, 1552901662, 1557245895]
[1552894277, 1552888232, 1552887047, 1552884964, 1552883524, 1552882436, 1552882372, 1552841873, 1552841290, 1552838435, 1552836671, 1552834309, 1552833128, 1552831030, 1552816366, 1552811162, 1552810192, 1552810056, 1552805717, 1552804310, 1557245895]
[1552793418, 1552792522, 1552790948, 1552787052, 1552786589, 1552786444, 1552781207, 1552776897, 1552758444, 1552749562, 1552744187, 1552743139, 1552742315, 1552736326, 1552734301, 1552731245, 1552721493, 1552716533, 1552713974, 1552709149, 1557245895]
[1552708972, 1552707843, 1552706864, 1552706171, 1552704599, 1552670112, 1552668183, 1552664118, 1552663195, 1552663107, 1552659581, 1552655838, 1552651026, 1552649090, 1552645550, 1552640314, 1552638289, 1552626856, 1552622671, 1552621931, 1557245895]
[1552618008, 1552615585, 1552613637, 1552612230, 1552604328, 1552589204, 1552578694, 1552575936, 1552569080, 1552568035, 1552567524, 1552563174, 1552560631, 1552559749, 1552552015, 1552551708, 1552543915, 1552542509, 1552539164, 1552539161, 1557245895]
[1552535889, 1552533120, 1552524767, 1552524214, 1552523811, 1552523554, 1552521237, 1552518476, 1552518218, 1552495984, 1552493549, 1552491651, 1552491458, 1552491201, 1552489816, 1552477945, 1552467110, 1552455465, 1552455087, 1552453302, 1557245895]
[1552453282, 1552452081, 1552447031, 1552446562, 1552439591, 1552413544, 1552410493, 1552410491, 1552408538, 1552406760, 1552406401, 1552403654, 1552398912, 1552398016, 1552395775, 1552394511, 1552394350, 1552393862, 1552389145, 1552388284, 1557245895]
[1552387932, 1552385573, 1552382160, 1552373816, 1552366746, 1552364612, 1552364478, 1552363932, 1552360072, 1552359286, 1552357178, 1552353971, 1552353256, 1552350105, 1552348890, 1552348360, 1552346772, 1552324866, 1552322871, 1552320963, 1557245895]
[1552320039, 1552318518, 1552318190, 1552317710, 1552317220, 1552316873, 1552316873, 1552315407, 1552314681, 1552312967, 1552309049, 1552305100, 1552302879, 1552302099, 1552298602, 1552296949, 1552293368, 1552289094, 1552286633, 1552284972, 1557245895]
[1552281956, 1552281010, 1552280695, 1552280301, 1552275514, 1552275239, 1552271745, 1552269619, 1552268965, 1552267685, 1552265231, 1552261822, 1552260769, 1552259454, 1552258548, 1552257415, 1552252739, 1552245217, 1552241807, 1552237260, 1557245895]
[1552235965, 1552235893, 1552233968, 1552233487, 1552232882, 1552232632, 1552231625, 1552231409, 1552231341, 1552230908, 1552219786, 1552217247, 1552212900, 1552211002, 1552210998, 1552210392, 1552210340, 1552207568, 1552206339, 1552204429, 1557245895]
[1552204050, 1552201487, 1552200911, 1552200893, 1552200807, 1552200054, 1552199947, 1552199560, 1552198832, 1552198257, 1552196119, 1552195646, 1552195135, 1552191065, 1552188082, 1552187197, 1552186702, 1552186675, 1552185954, 1552184303, 1557245895]
[1552184006, 1552182992, 1552182929, 1552182217, 1552182086, 1552181302, 1552180411, 1552180168, 1552178638, 1552176631, 1552174979, 1552173766, 1552159517, 1552156249, 1552155556, 1552154571, 1552153844, 1552153767, 1552152240, 1552152178, 1557245895]
[1552151157, 1552150695, 1552150094, 1552149491, 1552149381, 1552148611, 1552147969, 1552147055, 1552146672, 1552145988, 1552145831, 1552144717, 1552144616, 1552144527, 1552143162, 1552140313, 1552140182, 1552135930, 1552135809, 1552135723, 1557245895]
[1552135293, 1552132275, 1552131504, 1552128501, 1552127386, 1552126266, 1552125371, 1552125352, 1552121637, 1552121538, 1552121533, 1552120635, 1552120519, 1552119418, 1552118820, 1552115925, 1552115065, 1552110595, 1552104131, 1552102484, 1557245895]
[1552100486, 1552097383, 1552096581, 1552096000, 1552095398, 1552094957, 1552094382, 1552093821, 1552092350, 1552087022, 1552082686, 1552075339, 1552072354, 1552070756, 1552064405, 1552063455, 1552063393, 1552061296, 1552061221, 1552061104, 1557245895]
[1552060698, 1552060322, 1552059534, 1552059114, 1552056238, 1552055373, 1552054412, 1552054246, 1552053068, 1552052574, 1552051689, 1552047205, 1552046904, 1552043973, 1552043964, 1552043537, 1552041380, 1552041159, 1552040033, 1552036196, 1557245895]
[1552036097, 1552033600, 1552033141, 1552033027, 1552031040, 1552028319, 1552028294, 1552027890, 1552027709, 1552027094, 1552025946, 1552025537, 1552019186, 1552018602, 1552017848, 1552016131, 1552013582, 1552012684, 1552012410, 1552010848, 1557245895]
[1552009273, 1552008230, 1552007016, 1552006745, 1552006491, 1552005867, 1552005855, 1552005729, 1552005548, 1552005311, 1552004413, 1552004003, 1552003946, 1552003277, 1552002360, 1552001949, 1552001460, 1551999127, 1551997218, 1551994604, 1557245895]
[1551991167, 1551981370, 1551980020, 1551978873, 1551976809, 1551974598, 1551972611, 1551968372, 1551967794, 1551967385, 1551967103, 1551966010, 1551965530, 1551962648, 1551958699, 1551956799, 1551956558, 1551956121, 1551956039, 1551955851, 1557245895]
[1551954509, 1551951881, 1551947456, 1551947043, 1551945594, 1551938029, 1551937889, 1551937020, 1551935040, 1551933448, 1551931258, 1551928380, 1551925828, 1551924267, 1551923610, 1551923565, 1551922339, 1551921099, 1551919617, 1551919152, 1557245895]
[1551918984, 1551911403, 1551896672, 1551894941, 1551893669, 1551893119, 1551890070, 1551888188, 1551879018, 1551878489, 1551875232, 1551874056, 1551871493, 1551867379, 1551866226, 1551865071, 1551862480, 1551859853, 1551857766, 1551856710, 1557245895]
[1551854596, 1551853790, 1551852882, 1551851299, 1551850706, 1551849740, 1551847291, 1551845571, 1551845510, 1551841255, 1551837612, 1551837138, 1551832904, 1551829180, 1551811950, 1551805969, 1551803938, 1551803910, 1551803159, 1551802937, 1557245895]
[1551801921, 1551800319, 1551798662, 1551798080, 1551797886, 1551797284, 1551795545, 1551795213, 1551794747, 1551794551, 1551794245, 1551791521, 1551790088, 1551785885, 1551775881, 1551775384, 1551772464, 1551771642, 1551769801, 1551768788, 1557245895]
[1551768722, 1551764768, 1551761691, 1551761430, 1551760986, 1551760844, 1551759146, 1551759009, 1551755220, 1551753634, 1551749770, 1551744698, 1551734145, 1551732346, 1551724241, 1551715489, 1551714591, 1551711808, 1551710864, 1551704243, 1557245895]
[1551686646, 1551683067, 1551678772, 1551678212, 1551677777, 1551671877, 1551668710, 1551665984, 1551662932, 1551661270, 1551659904, 1551656750, 1551656467, 1551653740, 1551652654, 1551636081, 1551635807, 1551631655, 1551626851, 1551622421, 1557245895]
[1551618230, 1551617928, 1551616824, 1551607594, 1551607046, 1551606164, 1551605695, 1551605669, 1551605567, 1551603934, 1551602579, 1551602166, 1551597659, 1551595523, 1551591625, 1551587832, 1551586757, 1551585326, 1551581325, 1551581142, 1557245895]
[1551578347, 1551577989, 1551575443, 1551570745, 1551556580, 1551550562, 1551549051, 1551547872, 1551546333, 1551544543, 1551543931, 1551543577, 1551542698, 1551542678, 1551542622, 1551542292, 1551542024, 1551538775, 1551538755, 1551538040, 1557245895]
[1551537065, 1551536471, 1551533134, 1551526831, 1551524251, 1551523950, 1551523557, 1551518424, 1551516491, 1551510091, 1551509719, 1551508015, 1551501887, 1551501585, 1551500380, 1551499446, 1551494906, 1551492911, 1551492350, 1551490650, 1557245895]
[1551480354, 1551477071, 1551472846, 1551469397, 1551466561, 1551463061, 1551462692, 1551459744, 1551457441, 1551456474, 1551453169, 1551450717, 1551449309, 1551448135, 1551447498, 1551447327, 1551440000, 1551438551, 1551438226, 1551437024, 1557245895]
[1551434716, 1551426992, 1551426913, 1551426244, 1551423004, 1551419103, 1551418579, 1551417666, 1551415978, 1551415383, 1551413350, 1551412944, 1551406115, 1551405899, 1551403882, 1551398138, 1551397944, 1551396446, 1551377938, 1551377402, 1557245895]
[1551373737, 1551368790, 1551366309, 1551362240, 1551357506, 1551357348, 1551354352, 1551354050, 1551349715, 1551346287, 1551343392, 1551338955, 1551333737, 1551330884, 1551330697, 1551328245, 1551327987, 1551327424, 1551326393, 1551323605, 1557245895]
[1551323242, 1551317610, 1551317048, 1551317037, 1551308997, 1551292609, 1551289673, 1551288549, 1551287973, 1551286134, 1551285041, 1551281945, 1551276855, 1551276689, 1551263724, 1551261464, 1551260781, 1551259507, 1551257884, 1551257035, 1557245895]
[1551254034, 1551246204, 1551245286, 1551244608, 1551244552, 1551244135, 1551239255, 1551239223, 1551238054, 1551234974, 1551234438, 1551233234, 1551231168, 1551231025, 1551228323, 1551225431, 1551205795, 1551204217, 1551201502, 1551201207, 1557245895]
[1551201191, 1551200553, 1551198390, 1551197616, 1551194858, 1551194689, 1551193134, 1551191782, 1551182914, 1551180937, 1551180693, 1551178141, 1551177785, 1551176599, 1551175260, 1551158954, 1551157515, 1551156633, 1551156444, 1551150030, 1557245895]
[1551114838, 1551113475, 1551112323, 1551103573, 1551101082, 1551099392, 1551097845, 1551093186, 1551085632, 1551084140, 1551077504, 1551076673, 1551076611, 1551075176, 1551074687, 1551074084, 1551066962, 1551066774, 1551065713, 1551065077, 1557245895]
[1551064508, 1551062214, 1551054556, 1551042678, 1551027525, 1551021693, 1551021659, 1551019814, 1551015379, 1551014830, 1551013499, 1551009764, 1551001042, 1551000405, 1551000284, 1550999810, 1550994925, 1550994328, 1550993607, 1550993203, 1557245895]
[1550991961, 1550991642, 1550989614, 1550983636, 1550982563, 1550979726, 1550972834, 1550972392, 1550971599, 1550970676, 1550969683, 1550968989, 1550960414, 1550946249, 1550939694, 1550936177, 1550936132, 1550936083, 1550932542, 1550931387, 1557245895]
[1550930153, 1550924535, 1550922887, 1550921954, 1550918686, 1550913890, 1550911643, 1550904558, 1550902816, 1550902482, 1550896607, 1550894715, 1550889001, 1550888741, 1550885286, 1550876038, 1550855216, 1550850340, 1550849241, 1550848249, 1557245895]
[1550848021, 1550845789, 1550842642, 1550841490, 1550837097, 1550829492, 1550827566, 1550826453, 1550821977, 1550808957, 1550805082, 1550803641, 1550802264, 1550799466, 1550795121, 1550780379, 1550772731, 1550767529, 1550767246, 1550765485, 1557245895]
[1550763969, 1550763007, 1550758437, 1550750478, 1550746578, 1550745412, 1550744459, 1550740256, 1550739076, 1550736230, 1550732380, 1550732343, 1550731976, 1550729978, 1550728072, 1550725481, 1550723163, 1550722492, 1550719015, 1550715886, 1557245895]
[1550714551, 1550712888, 1550710670, 1550705965, 1550703072, 1550691655, 1550690802, 1550687017, 1550681182, 1550681061, 1550680427, 1550680062, 1550679451, 1550678964, 1550678526, 1550678482, 1550678276, 1550677384, 1550676617, 1550675159, 1557245895]
[1550674606, 1550673533, 1550668815, 1550656042, 1550652311, 1550649767, 1550648500, 1550648384, 1550646707, 1550642644, 1550642431, 1550639598, 1550639260, 1550637590, 1550635520, 1550634756, 1550634646, 1550633909, 1550630760, 1550627255, 1557245895]
[1550620075, 1550612700, 1550610549, 1550604380, 1550602241, 1550599749, 1550597229, 1550595642, 1550592928, 1550592181, 1550590833, 1550588628, 1550588316, 1550586518, 1550582865, 1550582436, 1550580416, 1550580264, 1550575584, 1550569135, 1557245895]
[1550567654, 1550566634, 1550566232, 1550565604, 1550565346, 1550562514, 1550559725, 1550557236, 1550552364, 1550545184, 1550545021, 1550543764, 1550539576, 1550536409, 1550535773, 1550512569, 1550511913, 1550510462, 1550508101, 1550502936, 1557245895]
[1550502148, 1550501408, 1550493840, 1550491766, 1550489234, 1550486239, 1550481671, 1550475714, 1550474915, 1550469656, 1550467869, 1550465784, 1550464917, 1550464281, 1550462667, 1550462640, 1550462472, 1550461432, 1550460857, 1550460557, 1557245895]
[1550460359, 1550459064, 1550457294, 1550457254, 1550450004, 1550446504, 1550445003, 1550424806, 1550423367, 1550423223, 1550421468, 1550420480, 1550419884, 1550418467, 1550418385, 1550416374, 1550415916, 1550412615, 1550411662, 1550410890, 1557245895]
[1550409857, 1550407705, 1550406398, 1550405515, 1550397543, 1550397347, 1550395705, 1550395271, 1550394382, 1550387185, 1550387088, 1550381586, 1550381277, 1550379429, 1550377581, 1550374490, 1550373490, 1550372820, 1550365079, 1550363388, 1557245895]
[1550363307, 1550362175, 1550354436, 1550343857, 1550336015, 1550335448, 1550334438, 1550333294, 1550332290, 1550328163, 1550328063, 1550326651, 1550325435, 1550325244, 1550321235, 1550312551, 1550312021, 1550311635, 1550308640, 1550307227, 1557245895]
[1550301780, 1550301004, 1550296262, 1550295904, 1550293827, 1550293638, 1550293216, 1550292546, 1550290905, 1550290634, 1550290629, 1550290358, 1550289909, 1550289456, 1550285802, 1550285709, 1550284979, 1550284867, 1550280059, 1550279026, 1557245895]
[1550275084, 1550275042, 1550272974, 1550262571, 1550254544, 1550250357, 1550246162, 1550243698, 1550243203, 1550242865, 1550242493, 1550240603, 1550240183, 1550240103, 1550238838, 1550237844, 1550237748, 1550237088, 1550236324, 1550236260, 1557245895]
[1550236187, 1550235565, 1550228642, 1550226422, 1550223330, 1550221189, 1550221183, 1550220921, 1550216136, 1550215055, 1550214299, 1550212461, 1550211628, 1550210551, 1550210501, 1550209678, 1550207028, 1550206642, 1550205699, 1550204672, 1557245895]
[1550204348, 1550204001, 1550203610, 1550202627, 1550201425, 1550200236, 1550197873, 1550177176, 1550170336, 1550169624, 1550165524, 1550163571, 1550163443, 1550163258, 1550162537, 1550160969, 1550160927, 1550160846, 1550160539, 1550160105, 1557245895]
[1550156656, 1550156466, 1550156097, 1550155969, 1550155676, 1550155403, 1550154896, 1550154223, 1550153868, 1550153451, 1550153044, 1550152186, 1550149014, 1550147742, 1550147577, 1550146151, 1550145868, 1550145757, 1550145134, 1550143710, 1557245895]
[1550143366, 1550142762, 1550142615, 1550142454, 1550142103, 1550140986, 1550140822, 1550140684, 1550140014, 1550140011, 1550140007, 1550140003, 1550139999, 1550139981, 1550138822, 1550138544, 1550137172, 1550137109, 1550135814, 1550135231, 1557245895]
[1550134700, 1550132410, 1550131997, 1550130181, 1550130130, 1550129540, 1550127267, 1550126986, 1550124612, 1550123482, 1550121402, 1550120362, 1550120133, 1550120115, 1550120091, 1550119845, 1550119526, 1550118080, 1550117620, 1550116948, 1557245895]
[1550115613, 1550114847, 1550113909, 1550113616, 1550111190, 1550109758, 1550109221, 1550108890, 1550108046, 1550107526, 1550106357, 1550104878, 1550103876, 1550102270, 1550100938, 1550081858, 1550080165, 1550079408, 1550078683, 1550078668, 1557245895]
[1550078171, 1550077847, 1550075366, 1550075358, 1550074865, 1550074745, 1550073929, 1550072547, 1550071771, 1550069086, 1550065727, 1550065584, 1550063421, 1550062124, 1550057881, 1550057738, 1550056579, 1550053816, 1550053398, 1550051199, 1557245895]
[1550048816, 1550047481, 1550046918, 1550043912, 1550043451, 1550042368, 1550042127, 1550038899, 1550036583, 1550035668, 1550034303, 1550034300, 1550034293, 1550034287, 1550034277, 1550033695, 1550032204, 1550032159, 1550029931, 1550012842, 1557245895]
[1550012228, 1550006773, 1550000064, 1549995411, 1549993613, 1549993184, 1549991470, 1549990368, 1549990207, 1549988946, 1549987908, 1549987571, 1549987549, 1549985576, 1549985529, 1549985382, 1549984629, 1549982394, 1549982171, 1549982159, 1557245895]
[1549981977, 1549981165, 1549980451, 1549979801, 1549979171, 1549976832, 1549976221, 1549975954, 1549974435, 1549973782, 1549973179, 1549973019, 1549970842, 1549970094, 1549969254, 1549966334, 1549966023, 1549962532, 1549958723, 1549958713, 1557245895]
[1549953978, 1549953941, 1549953590, 1549951155, 1549947684, 1549947106, 1549946788, 1549946776, 1549945905, 1549945262, 1549943592, 1549932523, 1549918497, 1549916791, 1549910530, 1549907401, 1549906766, 1549904594, 1549904217, 1549901600, 1557245895]
[1549901505, 1549896908, 1549896679, 1549896302, 1549894033, 1549893033, 1549892996, 1549892982, 1549891965, 1549888399, 1549883292, 1549880008, 1549879659, 1549879166, 1549865995, 1549864058, 1549863668, 1549863640, 1549863158, 1549862679, 1557245895]
[1549862420, 1549861494, 1549860595, 1549859944, 1549858512, 1549858462, 1549858148, 1549857028, 1549856357, 1549854930, 1549854356, 1549852364, 1549850958, 1549848399, 1549841266, 1549838256, 1549825475, 1549819727, 1549818493, 1549815133, 1557245895]
[1549812289, 1549809547, 1549803745, 1549803254, 1549803016, 1549802986, 1549801429, 1549799371, 1549799195, 1549797033, 1549790809, 1549789649, 1549786345, 1549784975, 1549783644, 1549783402, 1549774262, 1549773301, 1549771713, 1549771000, 1557245895]
[1549770378, 1549768408, 1549767240, 1549766409, 1549762049, 1549760384, 1549743332, 1549734208, 1549733244, 1549727983, 1549727634, 1549726400, 1549726257, 1549723608, 1549723515, 1549719466, 1549714898, 1549714595, 1549713504, 1549709063, 1557245895]
[1549700927, 1549700081, 1549699721, 1549696769, 1549694689, 1549692936, 1549691677, 1549690552, 1549689157, 1549678780, 1549676688, 1549674278, 1549673159, 1549656171, 1549655190, 1549655161, 1549646407, 1549646379, 1549644915, 1549644441, 1557245895]
[1549643582, 1549642638, 1549642214, 1549641693, 1549641215, 1549638019, 1549636594, 1549635794, 1549635062, 1549629977, 1549629820, 1549628562, 1549622904, 1549616672, 1549609365, 1549603377, 1549603106, 1549603078, 1549600758, 1549597892, 1557245895]
[1549590849, 1549582389, 1549563620, 1549560289, 1549557683, 1549557110, 1549555527, 1549553650, 1549552900, 1549551240, 1549548959, 1549548790, 1549547264, 1549544075, 1549538785, 1549535940, 1549535303, 1549534112, 1549533772, 1549531312, 1557245895]
[1549529729, 1549528021, 1549527790, 1549522447, 1549520065, 1549518673, 1549518024, 1549517046, 1549513222, 1549512130, 1549509484, 1549504280, 1549504167, 1549503876, 1549502426, 1549502313, 1549500268, 1549497234, 1549495565, 1549477398, 1557245895]
[1549472499, 1549471613, 1549471347, 1549470013, 1549469732, 1549469674, 1549469385, 1549467210, 1549466203, 1549459777, 1549457648, 1549455697, 1549453966, 1549453695, 1549453553, 1549449927, 1549446728, 1549445320, 1549445144, 1549443061, 1557245895]
[1549442606, 1549441514, 1549441355, 1549438586, 1549438210, 1549432061, 1549430912, 1549424417, 1549421775, 1549421183, 1549420634, 1549417194, 1549414427, 1549413252, 1549399391, 1549398641, 1549395933, 1549394600, 1549390565, 1549389392, 1557245895]
[1549388482, 1549387675, 1549387057, 1549385940, 1549384980, 1549383569, 1549383163, 1549383069, 1549382803, 1549382635, 1549382185, 1549381337, 1549380469, 1549380358, 1549380292, 1549379502, 1549376456, 1549375500, 1549374931, 1549374828, 1557245895]
[1549374496, 1549372774, 1549372598, 1549372377, 1549372267, 1549371993, 1549371218, 1549371004, 1549370833, 1549369983, 1549369309, 1549369086, 1549367474, 1549367114, 1549366454, 1549366099, 1549365433, 1549365091, 1549364921, 1549362463, 1557245895]
[1549362068, 1549361527, 1549360798, 1549360377, 1549360186, 1549355075, 1549354924, 1549354284, 1549354266, 1549350991, 1549349875, 1549349727, 1549348065, 1549347570, 1549347109, 1549347063, 1549342955, 1549341975, 1549341873, 1549341796, 1557245895]
[1549335288, 1549334598, 1549334192, 1549332012, 1549330709, 1549330346, 1549330007, 1549329492, 1549321874, 1549312863, 1549312798, 1549308134, 1549307248, 1549306974, 1549305384, 1549301598, 1549301176, 1549300551, 1549300121, 1549297006, 1557245895]
[1549296465, 1549295445, 1549292070, 1549287447, 1549286203, 1549275603, 1549273239, 1549273015, 1549268804, 1549265096, 1549263202, 1549260485, 1549258651, 1549256949, 1549256219, 1549255886, 1549255422, 1549253803, 1549252951, 1549250648, 1557245895]
[1549244980, 1549241402, 1549240761, 1549240449, 1549237860, 1549231615, 1549217338, 1549214470, 1549213538, 1549210603, 1549210349, 1549209944, 1549209767, 1549209489, 1549209351, 1549208892, 1549208836, 1549206508, 1549203595, 1549199125, 1557245895]
[1549197297, 1549196993, 1549194963, 1549194453, 1549194185, 1549191410, 1549190327, 1549188768, 1549185821, 1549185743, 1549185301, 1549185044, 1549183235, 1549183082, 1549180908, 1549180270, 1549178216, 1549177513, 1549176099, 1549173566, 1557245895]
[1549172872, 1549168873, 1549168859, 1549168248, 1549167072, 1549166299, 1549166225, 1549163094, 1549162264, 1549161222, 1549155273, 1549151786, 1549133514, 1549133433, 1549127904, 1549125930, 1549125595, 1549123960, 1549122156, 1549120892, 1557245895]
[1549113398, 1549103975, 1549103961, 1549103049, 1549102627, 1549099199, 1549097515, 1549097243, 1549089780, 1549089573, 1549080682, 1549079801, 1549078227, 1549073687, 1549045675, 1549045255, 1549041347, 1549041297, 1549040164, 1549039210, 1557245895]
[1549038035, 1549036536, 1549035148, 1549029815, 1549024858, 1549024371, 1549022835, 1549022775, 1549021511, 1549021087, 1549016522, 1549011225, 1549006773, 1549006637, 1549006060, 1549004331, 1549001111, 1549001075, 1548999577, 1548998506, 1557245895]
[1548998041, 1548996729, 1548996502, 1548994685, 1548992971, 1548989928, 1548983043, 1548962410, 1548962086, 1548957884, 1548953616, 1548949552, 1548946534, 1548944088, 1548943374, 1548937934, 1548937809, 1548937279, 1548933016, 1548932118, 1557245895]
[1548930371, 1548930170, 1548927236, 1548925410, 1548924935, 1548922254, 1548921348, 1548919710, 1548917839, 1548916118, 1548915541, 1548914788, 1548914141, 1548913865, 1548913509, 1548912986, 1548912900, 1548912359, 1548912064, 1548911567, 1557245895]
[1548911372, 1548910245, 1548909651, 1548909316, 1548908964, 1548908588, 1548908150, 1548907764, 1548901298, 1548898039, 1548897348, 1548894582, 1548871899, 1548871866, 1548868647, 1548867188, 1548864839, 1548864351, 1548862857, 1548862449, 1557245895]
[1548861585, 1548861338, 1548859983, 1548859637, 1548853570, 1548851238, 1548849332, 1548849133, 1548848468, 1548842683, 1548835267, 1548834887, 1548832618, 1548832534, 1548832399, 1548829389, 1548827256, 1548825520, 1548824458, 1548822831, 1557245895]
[1548821517, 1548808159, 1548806829, 1548792647, 1548787549, 1548786581, 1548780334, 1548779713, 1548779407, 1548778027, 1548777743, 1548767429, 1548760971, 1548755038, 1548753672, 1548753146, 1548752466, 1548751919, 1548749838, 1548749588, 1557245895]
[1548748712, 1548748646, 1548747422, 1548745269, 1548739705, 1548739186, 1548738676, 1548736804, 1548733097, 1548729720, 1548727007, 1548726997, 1548726907, 1548723526, 1548718906, 1548703457, 1548699625, 1548698852, 1548696051, 1548696002, 1557245895]
[1548693822, 1548692868, 1548685597, 1548682900, 1548681226, 1548679930, 1548679773, 1548679744, 1548678648, 1548677403, 1548677309, 1548676445, 1548674561, 1548672985, 1548672725, 1548672671, 1548668669, 1548668417, 1548666460, 1548664780, 1557245895]
[1548664736, 1548663450, 1548662799, 1548660824, 1548660818, 1548660208, 1548659842, 1548659040, 1548658871, 1548658391, 1548654390, 1548652054, 1548648455, 1548644201, 1548642524, 1548624322, 1548611365, 1548607162, 1548605949, 1548604655, 1557245895]
[1548603592, 1548599398, 1548597890, 1548591828, 1548586244, 1548585019, 1548581559, 1548580372, 1548579586, 1548565916, 1548563184, 1548560579, 1548556313, 1548555869, 1548540872, 1548523628, 1548523450, 1548515316, 1548507233, 1548499074, 1557245895]
[1548498695, 1548490069, 1548488218, 1548479540, 1548467862, 1548467016, 1548462099, 1548461299, 1548445572, 1548438115, 1548434486, 1548431614, 1548429578, 1548429172, 1548427610, 1548427299, 1548427092, 1548426829, 1548425688, 1548425682, 1557245895]
[1548420400, 1548419608, 1548399383, 1548391423, 1548388978, 1548385432, 1548383501, 1548375464, 1548369817, 1548360621, 1548356624, 1548356350, 1548350128, 1548342470, 1548314149, 1548313271, 1548307450, 1548307119, 1548304655, 1548304459, 1557245895]
[1548302852, 1548278320, 1548258748, 1548258221, 1548258033, 1548256257, 1548255919, 1548253780, 1548252236, 1548251616, 1548249834, 1548248847, 1548245483, 1548242457, 1548238576, 1548238468, 1548235229, 1548235118, 1548235112, 1548228795, 1557245895]
[1548224135, 1548222224, 1548222209, 1548197132, 1548165572, 1548163756, 1548163168, 1548162250, 1548153876, 1548152702, 1548149374, 1548146196, 1548143714, 1548141046, 1548139291, 1548135124, 1548134222, 1548133626, 1548133575, 1548133338, 1557245895]
[1548131131, 1548130783, 1548130240, 1548130182, 1548126442, 1548126025, 1548125455, 1548118261, 1548115308, 1548095458, 1548090576, 1548084749, 1548082450, 1548079721, 1548076826, 1548076609, 1548075086, 1548071673, 1548071529, 1548069747, 1557245895]
[1548065017, 1548064774, 1548061894, 1548061387, 1548058160, 1548051417, 1548050207, 1548049860, 1548048830, 1548048197, 1548047893, 1548047634, 1548046627, 1548046033, 1548045208, 1548045038, 1548038611, 1548008605, 1548008413, 1548007450, 1557245895]
[1548001861, 1548000400, 1547997454, 1547996689, 1547996605, 1547994809, 1547994587, 1547992704, 1547991309, 1547989749, 1547986900, 1547984464, 1547983772, 1547983005, 1547981180, 1547979306, 1547978656, 1547976304, 1547971837, 1547970153, 1557245895]
[1547968543, 1547968369, 1547966670, 1547966650, 1547966109, 1547965277, 1547964246, 1547963297, 1547963110, 1547963047, 1547962416, 1547961682, 1547961591, 1547961314, 1547960137, 1547959516, 1547958060, 1547958038, 1547957978, 1547957761, 1557245895]
[1547957581, 1547957273, 1547957118, 1547956993, 1547956589, 1547954842, 1547954408, 1547952871, 1547950939, 1547940326, 1547940094, 1547917377, 1547911474, 1547909466, 1547909393, 1547908638, 1547908389, 1547902434, 1547900974, 1547897321, 1557245895]
[1547896259, 1547895281, 1547893601, 1547884387, 1547882392, 1547879703, 1547869042, 1547868903, 1547866403, 1547865136, 1547862443, 1547836644, 1547834393, 1547834009, 1547830975, 1547829986, 1547829700, 1547829586, 1547824360, 1547817262, 1557245895]
[1547816496, 1547815453, 1547815295, 1547814100, 1547813853, 1547813744, 1547811400, 1547802054, 1547801328, 1547799896, 1547797075, 1547796679, 1547796529, 1547796292, 1547796219, 1547788671, 1547787758, 1547787453, 1547787086, 1547786663, 1557245895]
[1547786348, 1547785122, 1547785109, 1547783414, 1547782932, 1547780221, 1547778645, 1547777518, 1547774260, 1547765680, 1547745683, 1547743676, 1547740065, 1547737942, 1547737303, 1547734968, 1547731998, 1547728722, 1547726244, 1547725808, 1557245895]
[1547721725, 1547720895, 1547718439, 1547717560, 1547717245, 1547713157, 1547712911, 1547692256, 1547687407, 1547671803, 1547659358, 1547658828, 1547656147, 1547655820, 1547654148, 1547652053, 1547650535, 1547646858, 1547641438, 1547639777, 1557245895]
[1547636249, 1547635639, 1547634045, 1547633149, 1547632762, 1547632122, 1547629819, 1547629583, 1547622261, 1547620923, 1547620172, 1547616163, 1547615313, 1547614550, 1547613660, 1547611760, 1547608170, 1547606612, 1547603836, 1547601612, 1557245895]
[1547600370, 1547597417, 1547591066, 1547571723, 1547570534, 1547568050, 1547567529, 1547567349, 1547567033, 1547565612, 1547565410, 1547565077, 1547564717, 1547562886, 1547560359, 1547556337, 1547556320, 1547552114, 1547547387, 1547539355, 1557245895]
[1547538848, 1547537573, 1547537556, 1547534028, 1547527593, 1547525029, 1547520717, 1547520201, 1547512834, 1547512560, 1547511848, 1547511224, 1547509844, 1547504778, 1547496012, 1547495077, 1547493616, 1547489159, 1547486806, 1547485726, 1557245895]
[1547484068, 1547483314, 1547482611, 1547482600, 1547481626, 1547480063, 1547479672, 1547478691, 1547478581, 1547478580, 1547478521, 1547477482, 1547474080, 1547471267, 1547471245, 1547471233, 1547467574, 1547465776, 1547465644, 1547464242, 1557245895]
[1547463400, 1547461915, 1547461764, 1547461086, 1547459219, 1547458444, 1547457778, 1547457769, 1547457467, 1547455758, 1547454548, 1547453419, 1547453200, 1547453082, 1547447308, 1547447188, 1547446908, 1547446601, 1547444594, 1547443857, 1557245895]
[1547443279, 1547440842, 1547440506, 1547440064, 1547439708, 1547439629, 1547439379, 1547437584, 1547437180, 1547436399, 1547436172, 1547434054, 1547432109, 1547431047, 1547429843, 1547427920, 1547426147, 1547424640, 1547424426, 1547423198, 1557245895]
[1547420503, 1547414513, 1547406057, 1547405552, 1547405428, 1547403106, 1547401891, 1547401396, 1547401355, 1547401030, 1547399585, 1547399157, 1547398932, 1547398547, 1547397677, 1547397318, 1547397247, 1547396966, 1547396914, 1547396729, 1557245895]
[1547396282, 1547396035, 1547395806, 1547395712, 1547395561, 1547394916, 1547394491, 1547394464, 1547393991, 1547393730, 1547393696, 1547393465, 1547393419, 1547393338, 1547393114, 1547393102, 1547393055, 1547392776, 1547392182, 1547391258, 1557245895]
[1547390623, 1547389523, 1547387953, 1547387412, 1547386513, 1547385626, 1547384172, 1547384014, 1547384008, 1547383736, 1547383046, 1547382571, 1547382315, 1547381073, 1547380307, 1547380045, 1547380000, 1547379682, 1547379187, 1547378949, 1557245895]
[1547378566, 1547377424, 1547376895, 1547376469, 1547375646, 1547375269, 1547375117, 1547374804, 1547374452, 1547374327, 1547373865, 1547373726, 1547373599, 1547373506, 1547372900, 1547372659, 1547372509, 1547371029, 1547370924, 1547370600, 1557245895]
[1547369703, 1547369564, 1547369162, 1547368880, 1547367214, 1547367177, 1547367122, 1547366724, 1547366646, 1547366294, 1547365877, 1547365351, 1547364361, 1547364353, 1547363846, 1547363015, 1547362982, 1547362744, 1547362732, 1547361455, 1557245895]
[1547361342, 1547361171, 1547360841, 1547360753, 1547360235, 1547360178, 1547360113, 1547360025, 1547358967, 1547358867, 1547358749, 1547358663, 1547358435, 1547358408, 1547357953, 1547357869, 1547357525, 1547357415, 1547357292, 1547357270, 1557245895]
[1547356942, 1547356936, 1547356903, 1547356809, 1547356764, 1547356709, 1547356406, 1547356257, 1547355925, 1547355547, 1547355429, 1547355246, 1547355196, 1547355161, 1547354830, 1547354688, 1547354521, 1547354513, 1547353797, 1547353779, 1557245895]
[1547353649, 1547353624, 1547353606, 1547353596, 1547353132, 1547353039, 1547352995, 1547352948, 1547352838, 1547352743, 1547352669, 1547352440, 1547352355, 1547352341, 1547350863, 1547350730, 1547350478, 1547350472, 1547350422, 1547349723, 1557245895]
[1547349610, 1547349490, 1547349143, 1547349038, 1547349009, 1547348205, 1547348201, 1547347863, 1547347573, 1547347455, 1547347072, 1547346948, 1547346788, 1547346710, 1547346683, 1547346333, 1547346165, 1547346165, 1547345696, 1547345540, 1557245895]
[1547345246, 1547344981, 1547343532, 1547342953, 1547328326, 1547327276, 1547313764, 1547313762, 1547312939, 1547312493, 1547312482, 1547310674, 1557245895]
