[1557321994, 1557276912, 1557233760, 1557221958, 1557187038, 1557141776, 1557055124, 1556962788, 1556947058, 1556945717, 1556944654, 1556941357, 1556937772, 1556935399, 1556932636, 1556906613, 1556904734, 1556903490, 1556902411, 1556900877]
[1556900338, 1556899367, 1556893151, 1556889517, 1556852193, 1556851921, 1556812413, 1556788019, 1556786824, 1556780634, 1556775543, 1556715560, 1556708274, 1556697886, 1556672083, 1556659548, 1556629587, 1556535545, 1556458761, 1556456416]
[1556454797, 1556453658, 1556428277, 1556414205, 1556412001, 1556379325, 1556376572, 1556374455, 1556371110, 1556370616, 1556332460, 1556327563, 1556323709, 1556295213, 1556295152, 1556292562, 1556289971, 1556287080, 1556283554, 1556263458]
[1556209410, 1556205745, 1556204885, 1556148758, 1556147847, 1556075765, 1555956696, 1555930863, 1555886581, 1555864101, 1555860438, 1555854259, 1555819452, 1555815844, 1555783600, 1555772682, 1555771874, 1555768531, 1555764503, 1555761117]
[1555757746, 1555755447, 1555754765, 1555744886, 1555735207, 1555734268, 1555733693, 1555732785, 1555726915, 1555723276, 1555716171, 1555698542, 1555688248, 1555683482, 1555674252, 1555665087, 1555660635, 1555637025, 1555626279, 1555510732]
[1555420741, 1555413137, 1555383696, 1555311835, 1555268464, 1555264238, 1555226501, 1555214588, 1555160164, 1555136495, 1555131018, 1555123274, 1555045899, 1555008329, 1554979145, 1554912180, 1554899467, 1554895683, 1554893862, 1554856401]
[1554853387, 1554796423, 1554751767, 1554732162, 1554720743, 1554712327, 1554687746, 1554639850, 1554619360, 1554616788, 1554613559, 1554571787, 1554571778, 1554550683, 1554540082, 1554514221, 1554491998, 1554464968, 1554455147, 1554442696]
[1554440850, 1554439593, 1554438755, 1554438145, 1554437139, 1554431363, 1554400993, 1554399907, 1554396050, 1554387383, 1554372624, 1554372596, 1554360596, 1554354386, 1554348432, 1554345516, 1554341650, 1554304559, 1554303855, 1554284920]
[1554269579, 1554255942, 1554213893, 1554196922, 1554179012, 1554178987, 1554175618, 1554175359, 1554171882, 1554135574, 1554120369, 1554112750, 1554104060, 1554097859, 1554091634, 1554079093, 1554069672, 1554048203, 1554043436, 1554043334]
[1554042691, 1554016647, 1554014139, 1554013221, 1554011001, 1554003288, 1554003048, 1554002661, 1553996529, 1553995501, 1553992731, 1553992415, 1553991790, 1553983702, 1553972937, 1553965842, 1553963904, 1553963847, 1553961951, 1553961252]
[1553958658, 1553958235, 1553955644, 1553955091, 1553954554, 1553954038, 1553953190, 1553949596, 1553947823, 1553947007, 1553946843, 1553946729, 1553946726, 1553946644, 1553946176, 1553944577, 1553943907, 1553943443, 1553940357, 1553939790]
[1553938396, 1553936990, 1553935595, 1553935352, 1553934306, 1553932528, 1553930550, 1553927855, 1553926867, 1553925568, 1553925264, 1553925228, 1553924656, 1553924586, 1553924349, 1553923956, 1553923354, 1553918584, 1553918430, 1553917971]
[1553917309, 1553915460, 1553914734, 1553913106, 1553912616, 1553911983, 1553910472, 1553906969, 1553905840, 1553902955, 1553878625, 1553877907, 1553868843, 1553866758, 1553864681, 1553861931, 1553855538, 1553805906, 1553785388, 1553781805]
[1553758247, 1553748748, 1553734752, 1553732915, 1553700111, 1553681405, 1553595002, 1553594996, 1553581866, 1553530648, 1553529248, 1553489956, 1553489081, 1553486351, 1553486316, 1553485822, 1553485635, 1553485628, 1553485623, 1553485609]
[1553481430, 1553477528, 1553441644, 1553436498, 1553432709, 1553426737, 1553389871, 1553352017, 1553339624, 1553332692, 1553331335, 1553330907, 1553320233, 1553318942, 1553318741, 1553316469, 1553314714, 1553314638, 1553311791, 1553311362]
[1553311268, 1553311114, 1553311014, 1553305044, 1553303896, 1553299357, 1553298946, 1553277495, 1553274520, 1553270914, 1553268895, 1553267545, 1553266674, 1553264568, 1553259422, 1553257500, 1553257238, 1553257005, 1553256789, 1553255000]
[1553254968, 1553254756, 1553252806, 1553240984, 1553238952, 1553238897, 1553237512, 1553233075, 1553232957, 1553232836, 1553232748, 1553232611, 1553232343, 1553232214, 1553232145, 1553231690, 1553230281, 1553229722, 1553229658, 1553229433]
[1553229339, 1553228988, 1553228965, 1553228957, 1553228698, 1553228619, 1553227911, 1553225013, 1553224975, 1553220075, 1553219407, 1553181308, 1553156126, 1553147948, 1553146404, 1553144590, 1553144579, 1553144481, 1553144468, 1553141182]
[1553139531, 1553139515, 1553128193, 1553128187, 1553128183, 1553128177, 1553128171, 1553128143, 1553128139, 1553128134, 1553128131, 1553128127, 1553128110, 1553128105, 1553128100, 1553128096, 1553128088, 1553128074, 1553128069, 1553128064]
[1553128059, 1553128051, 1553127984, 1553127976, 1553127962, 1553127947, 1553127932, 1553127799, 1553127775, 1553127753, 1553092560, 1553092497, 1553092260, 1553091995, 1553091956, 1553091940, 1553091630, 1553091007, 1553090773, 1553090495]
[1553090451, 1553090375, 1553089805, 1553085529, 1553085443, 1553085110, 1553069230, 1553068222, 1553015589, 1553006915, 1552989253, 1552989091, 1552980480, 1552959878, 1552919732, 1552910385, 1552906672, 1552897430, 1552895504, 1552889623]
[1552839187, 1552836865, 1552825419, 1552816839, 1552814895, 1552813082, 1552809577, 1552806345, 1552792418, 1552788854, 1552782913, 1552759087, 1552752982, 1552752703, 1552752603, 1552750376, 1552746056, 1552745704, 1552742303, 1552742276]
[1552733449, 1552731552, 1552730498, 1552730056, 1552727135, 1552724356, 1552721816, 1552721748, 1552718297, 1552716193, 1552715785, 1552715037, 1552714236, 1552712474, 1552712192, 1552711020, 1552707147, 1552706200, 1552701425, 1552700957]
[1552700549, 1552698844, 1552698622, 1552697636, 1552696820, 1552694608, 1552694297, 1552693316, 1552692090, 1552691741, 1552690883, 1552676052, 1552674545, 1552673816, 1552672376, 1552671007, 1552670512, 1552668251, 1552667666, 1552667337]
[1552667236, 1552667201, 1552667143, 1552667084, 1552666923, 1552666898, 1552666587, 1552666571, 1552666277, 1552665910, 1552660187, 1552649047, 1552568761, 1552557244, 1552537500, 1552497821, 1552488350, 1552478120, 1552473575, 1552469834]
[1552467287, 1552462889, 1552411303, 1552400917, 1552389118, 1552388345, 1552366070, 1552353948, 1552330701, 1552327432, 1552323354, 1552312262, 1552285777, 1552283494, 1552274251, 1552273050, 1552262725, 1552237179, 1552235281, 1552233279]
[1552231067, 1552228688, 1552222607, 1552221623, 1552211165, 1552204753, 1552202962, 1552198495, 1552194149, 1552192180, 1552192142, 1552189580, 1552189481, 1552189258, 1552181856, 1552181302, 1552177697, 1552163949, 1552159261, 1552151299]
[1552150436, 1552148261, 1552148227, 1552148161, 1552148043, 1552147892, 1552147501, 1552146989, 1552143335, 1552141662, 1552140238, 1552135224, 1552132772, 1552132555, 1552130295, 1552126884, 1552126510, 1552124932, 1552122534, 1552122066]
[1552121719, 1552121370, 1552120735, 1552119578, 1552119330, 1552114749, 1552113908, 1552113552, 1552111509, 1552111308, 1552109856, 1552107062, 1552106506, 1552105868, 1552104504, 1552102521, 1552101613, 1552100780, 1552100464, 1552098249]
[1552096160, 1552094856, 1552094743, 1552094085, 1552093326, 1552092893, 1552092500, 1552090965, 1552090895, 1552090561, 1552089649, 1552073401, 1552071082, 1552067890, 1552067709, 1552067374, 1552066208, 1552065198, 1552063972, 1552063591]
[1552063549, 1552063163, 1552062987, 1552062659, 1552062569, 1552062548, 1552062221, 1552062150, 1552062013, 1552061924, 1552061768, 1552061324, 1552061241, 1552061185, 1552061182, 1552061111, 1552060561, 1552059701, 1552045230, 1552026389]
[1552023277, 1552019600, 1551999951, 1551974886, 1551971790, 1551961459, 1551957021, 1551955628, 1551924473, 1551871112, 1551825811, 1551815655, 1551793229, 1551790197, 1551773010, 1551768887, 1551760010, 1551727281, 1551715177, 1551711703]
[1551695625, 1551684881, 1551675011, 1551674069, 1551653765, 1551631690, 1551626051, 1551619530, 1551615374, 1551610612, 1551606904, 1551606498, 1551600030, 1551594409, 1551592159, 1551589667, 1551587785, 1551586416, 1551584164, 1551583594]
[1551579823, 1551579583, 1551576883, 1551575810, 1551569925, 1551547905, 1551546916, 1551542449, 1551535664, 1551532422, 1551532010, 1551527682, 1551526302, 1551525756, 1551525311, 1551524939, 1551524785, 1551524408, 1551521860, 1551521751]
[1551519841, 1551519752, 1551516765, 1551516072, 1551515414, 1551515303, 1551514725, 1551514576, 1551512595, 1551511407, 1551509929, 1551509683, 1551509614, 1551509587, 1551509353, 1551509280, 1551509165, 1551509027, 1551507902, 1551507750]
[1551506951, 1551506399, 1551506344, 1551505880, 1551505597, 1551505559, 1551505535, 1551505357, 1551504105, 1551503944, 1551503907, 1551503802, 1551503419, 1551502975, 1551497063, 1551496016, 1551495598, 1551495169, 1551495038, 1551494679]
[1551494578, 1551494185, 1551493604, 1551493585, 1551492857, 1551492843, 1551492807, 1551492590, 1551492561, 1551492465, 1551492292, 1551492267, 1551492216, 1551492128, 1551449835, 1551444288, 1551442968, 1551434526, 1551431978, 1551431549]
[1551381582, 1551367263, 1551363880, 1551360284, 1551356562, 1551347894, 1551342174, 1551315000, 1551266632, 1551257377, 1551249688, 1551243901, 1551237188, 1551223573, 1551213459, 1551198675, 1551172433, 1551162588, 1551139032, 1551110603]
[1551104460, 1551104234, 1551101792, 1551100169, 1551099543, 1551099528, 1551074740, 1551073419, 1551066515, 1551031808, 1551029210, 1551028781, 1551024351, 1551016818, 1551014131, 1551007003, 1550999980, 1550999452, 1550996194, 1550993535]
[1550993259, 1550993138, 1550983378, 1550982924, 1550967293, 1550966391, 1550963532, 1550958242, 1550952988, 1550943754, 1550940777, 1550938680, 1550938441, 1550938289, 1550938115, 1550938034, 1550936893, 1550936833, 1550934515, 1550934120]
[1550930917, 1550930592, 1550929656, 1550928197, 1550926553, 1550925575, 1550925486, 1550924287, 1550923053, 1550922625, 1550922457, 1550922130, 1550921737, 1550920812, 1550919519, 1550919406, 1550919383, 1550918402, 1550918231, 1550918039]
[1550917186, 1550916358, 1550915227, 1550914877, 1550914754, 1550914649, 1550913160, 1550912727, 1550912584, 1550912548, 1550912423, 1550912393, 1550912284, 1550912249, 1550911535, 1550911220, 1550911151, 1550910872, 1550910869, 1550910540]
[1550909733, 1550909708, 1550909437, 1550909161, 1550909130, 1550908897, 1550908833, 1550908422, 1550907790, 1550906964, 1550905983, 1550905390, 1550905290, 1550904451, 1550904364, 1550904342, 1550904071, 1550904015, 1550903133, 1550902935]
[1550902901, 1550902774, 1550902749, 1550902175, 1550901231, 1550901225, 1550900820, 1550899966, 1550899473, 1550898427, 1550898187, 1550898172, 1550897710, 1550897613, 1550897235, 1550897173, 1550894891, 1550894007, 1550893212, 1550891551]
[1550890995, 1550890240, 1550889412, 1550889060, 1550888036, 1550878775, 1550863987, 1550851968, 1550848021, 1550847068, 1550841940, 1550840281, 1550839877, 1550835837, 1550835411, 1550832920, 1550832661, 1550831699, 1550831105, 1550830270]
[1550827608, 1550823502, 1550823115, 1550814257, 1550813024, 1550811597, 1550810101, 1550808169, 1550803634, 1550802770, 1550800959, 1550799844, 1550799706, 1550799497, 1550798780, 1550782970, 1550773647, 1550773113, 1550772535, 1550772466]
[1550771755, 1550769220, 1550767846, 1550767724, 1550767177, 1550766624, 1550765880, 1550765390, 1550765382, 1550765282, 1550765090, 1550764881, 1550764734, 1550763636, 1550763369, 1550762919, 1550762320, 1550761906, 1550761058, 1550760697]
[1550760480, 1550760025, 1550759399, 1550758158, 1550758108, 1550757060, 1550756867, 1550756214, 1550756123, 1550755788, 1550755666, 1550755445, 1550755396, 1550754516, 1550753428, 1550753035, 1550752562, 1550752482, 1550752207, 1550751189]
[1550751131, 1550750467, 1550750364, 1550750333, 1550749804, 1550749734, 1550749597, 1550749518, 1550749354, 1550748945, 1550748907, 1550748498, 1550748378, 1550748253, 1550747518, 1550747093, 1550746729, 1550746173, 1550746020, 1550745814]
[1550745449, 1550745299, 1550744609, 1550743953, 1550743780, 1550743693, 1550743345, 1550743109, 1550742089, 1550741421, 1550741180, 1550741107, 1550740577, 1550740268, 1550740257, 1550740161, 1550740102, 1550739796, 1550739259, 1550738445]
[1550738441, 1550738364, 1550738208, 1550737460, 1550737292, 1550733639, 1550733614, 1550732896, 1550732199, 1550724952, 1550723083, 1550718890, 1550718364, 1550702829, 1550691702, 1550683792, 1550675361, 1550664267, 1550594588, 1550590797]
[1550588792, 1550588198, 1550508920, 1550502066, 1550499148, 1550464588, 1550452394, 1550441673, 1550431381, 1550429386, 1550423599, 1550422426, 1550417320, 1550408849, 1550408744, 1550397937, 1550390702, 1550383991, 1550376267, 1550375915]
[1550374111, 1550373948, 1550372943, 1550369583, 1550368169, 1550333232, 1550329084, 1550327324, 1550321699, 1550320664, 1550320548, 1550320310, 1550316506, 1550314029, 1550308367, 1550307694, 1550303821, 1550303308, 1550296067, 1550293792]
[1550292572, 1550290849, 1550290455, 1550286745, 1550284859, 1550284087, 1550282328, 1550281180, 1550279352, 1550278126, 1550276330, 1550273576, 1550271250, 1550268541, 1550251685, 1550251226, 1550250477, 1550250129, 1550250128, 1550248108]
[1550248092, 1550246317, 1550246009, 1550245966, 1550245408, 1550244083, 1550244080, 1550243576, 1550241098, 1550240024, 1550239522, 1550237844, 1550236196, 1550235297, 1550235270, 1550235268, 1550234544, 1550231739, 1550231502, 1550231343]
[1550230876, 1550230793, 1550229884, 1550229385, 1550224448, 1550224166, 1550223701, 1550222703, 1550221910, 1550221724, 1550221422, 1550221027, 1550221013, 1550220967, 1550214960, 1550210351, 1550209533, 1550209337, 1550201240, 1550200269]
[1550197109, 1550196348, 1550196237, 1550193891, 1550184318, 1550175025, 1550174864, 1550173225, 1550161572, 1550160279, 1550159967, 1550159914, 1550159607, 1550159355, 1550157257, 1550155398, 1550154812, 1550152467, 1550152213, 1550151166]
[1550150372, 1550150137, 1550149997, 1550149894, 1550149735, 1550149521, 1550148199, 1550147198, 1550146807, 1550146506, 1550145967, 1550143316, 1550143173, 1550141622, 1550141488, 1550141173, 1550141168, 1550141003, 1550139350, 1550139160]
[1550138705, 1550138542, 1550138334, 1550138203, 1550138045, 1550137978, 1550137669, 1550137141, 1550136777, 1550136314, 1550136093, 1550135951, 1550135720, 1550135540, 1550135318, 1550134511, 1550134468, 1550134250, 1550133764, 1550133020]
[1550132958, 1550132618, 1550132383, 1550132146, 1550132060, 1550132021, 1550131852, 1550131822, 1550131670, 1550131630, 1550131584, 1550131408, 1550130875, 1550130793, 1550130732, 1550129123, 1550127746, 1550127147, 1550126420, 1550123891]
[1550123775, 1550121970, 1550121341, 1550121015, 1550120109, 1550119907, 1550119613, 1550118780, 1550117995, 1550117964, 1550117329, 1550111119, 1550110787, 1550108600, 1550071918, 1550071775, 1550059912, 1550059619, 1550056476, 1550050708]
[1550050635, 1550050515, 1550049941, 1550049354, 1550042439, 1550031607, 1550030868, 1550024152, 1549986972, 1549979794, 1549979370, 1549976371, 1549972445, 1549971145, 1549963487, 1549961673, 1549955921, 1549946653, 1549936395, 1549934712]
[1549932051, 1549917577, 1549907297, 1549901445, 1549893126, 1549890914, 1549888608, 1549886480, 1549884912, 1549881226, 1549879329, 1549877700, 1549877604, 1549875271, 1549875089, 1549874525, 1549874144, 1549871746, 1549859804, 1549859535]
[1549847212, 1549831760, 1549830984, 1549824144, 1549817252, 1549813979, 1549804407, 1549789772, 1549787860, 1549786549, 1549774860, 1549774817, 1549765908, 1549764994, 1549761993, 1549759906, 1549759236, 1549754279, 1549745422, 1549738191]
[1549734815, 1549729372, 1549729166, 1549728962, 1549728898, 1549728726, 1549728613, 1549728528, 1549728495, 1549728290, 1549725181, 1549724413, 1549723031, 1549722797, 1549720310, 1549719849, 1549719091, 1549717660, 1549716694, 1549715661]
[1549715340, 1549714052, 1549713604, 1549713368, 1549713222, 1549711645, 1549710984, 1549709557, 1549709069, 1549708971, 1549707240, 1549706457, 1549705265, 1549704803, 1549704283, 1549704018, 1549703075, 1549702724, 1549700838, 1549700746]
[1549700693, 1549698120, 1549697880, 1549696461, 1549696379, 1549696041, 1549695650, 1549694946, 1549693244, 1549693114, 1549691798, 1549690348, 1549689066, 1549688726, 1549687860, 1549687465, 1549686688, 1549685710, 1549685193, 1549685082]
[1549685013, 1549683994, 1549682536, 1549681971, 1549681773, 1549681554, 1549681542, 1549681534, 1549681517, 1549681273, 1549681157, 1549680725, 1549680592, 1549680494, 1549680156, 1549679830, 1549679387, 1549679359, 1549679039, 1549678700]
[1549678647, 1549678614, 1549678101, 1549678055, 1549677950, 1549677893, 1549677815, 1549676560, 1549673197, 1549659481, 1549648950, 1549646810, 1549645869, 1549641875, 1549626142, 1549618318, 1549617010, 1549611473, 1549605928, 1549604229]
[1549604036, 1549602563, 1549602433, 1549595354, 1549594129, 1549593890, 1549588674, 1549585137, 1549583592, 1549570876, 1549567199, 1549558267, 1549556526, 1549556161, 1549554158, 1549553416, 1549549261, 1549549233, 1549546162, 1549546161]
[1549546108, 1549545942, 1549543956, 1549543163, 1549542221, 1549541387, 1549540408, 1549539912, 1549538986, 1549537571, 1549536570, 1549536523, 1549536111, 1549535766, 1549534841, 1549533903, 1549533263, 1549532356, 1549531205, 1549529445]
[1549528814, 1549528339, 1549528282, 1549526625, 1549526401, 1549524904, 1549522880, 1549520288, 1549519954, 1549519893, 1549518926, 1549518081, 1549516968, 1549516694, 1549516244, 1549516042, 1549515131, 1549515015, 1549513603, 1549512146]
[1549512028, 1549511880, 1549511163, 1549510510, 1549510157, 1549508831, 1549508800, 1549508282, 1549508228, 1549507813, 1549507598, 1549507514, 1549507451, 1549507235, 1549507233, 1549506645, 1549506525, 1549505794, 1549505726, 1549505562]
[1549505365, 1549505298, 1549505249, 1549505019, 1549505012, 1549504950, 1549502959, 1549502698, 1549502276, 1549501460, 1549501398, 1549498623, 1549497413, 1549492775, 1549488402, 1549482628, 1549481503, 1549477334, 1549477073, 1549474440]
[1549469989, 1549469108, 1549467626, 1549466970, 1549466937, 1549466097, 1549466058, 1549465716, 1549465664, 1549465425, 1549465133, 1549461865, 1549461382, 1549461211, 1549460645, 1549460146, 1549458694, 1549456832, 1549455852, 1549454918]
[1549454176, 1549452549, 1549452428, 1549452375, 1549451887, 1549451852, 1549451555, 1549451210, 1549449897, 1549449129, 1549448227, 1549447555, 1549446612, 1549446485, 1549445509, 1549444509, 1549443896, 1549443713, 1549443524, 1549443325]
[1549443236, 1549443144, 1549442606, 1549438894, 1549438476, 1549436727, 1549436535, 1549435792, 1549435775, 1549435704, 1549435697, 1549435053, 1549433228, 1549433223, 1549433180, 1549433025, 1549432710, 1549432302, 1549432020, 1549431246]
[1549430729, 1549430350, 1549430176, 1549430065, 1549429801, 1549429721, 1549429358, 1549429178, 1549429053, 1549428988, 1549428972, 1549428631, 1549427914, 1549427868, 1549427661, 1549427141, 1549426967, 1549426596, 1549426291, 1549426158]
[1549426082, 1549425865, 1549425765, 1549425647, 1549425362, 1549424470, 1549424430, 1549424294, 1549423906, 1549423653, 1549423617, 1549423527, 1549423463, 1549423299, 1549423275, 1549423047, 1549422910, 1549422823, 1549422468, 1549422340]
[1549422318, 1549422232, 1549421975, 1549421699, 1549421682, 1549421645, 1549421561, 1549420969, 1549420857, 1549420842, 1549420675, 1549420645, 1549420480, 1549420201, 1549420170, 1549420114, 1549420100, 1549420099, 1549419888, 1549419643]
[1549419642, 1549418974, 1549418728, 1549418678, 1549418575, 1549418565, 1549417529, 1549415376, 1549415071, 1549415034, 1549414936, 1549412410, 1549409522, 1549408983, 1549403629, 1549396166, 1549393023, 1549391649, 1549390804, 1549388204]
[1549386519, 1549385673, 1549383159, 1549382821, 1549382674, 1549382595, 1549381858, 1549381507, 1549380784, 1549379406, 1549379330, 1549379179, 1549377899, 1549377527, 1549375430, 1549375278, 1549374647, 1549373640, 1549373423, 1549373190]
[1549372997, 1549372890, 1549372490, 1549370348, 1549370197, 1549369383, 1549367115, 1549366803, 1549365697, 1549363797, 1549362565, 1549362002, 1549361664, 1549361269, 1549361191, 1549361155, 1549361021, 1549360461, 1549360022, 1549358504]
[1549358424, 1549356590, 1549355268, 1549354930, 1549354791, 1549353751, 1549353705, 1549352178, 1549351537, 1549351461, 1549351203, 1549351040, 1549351014, 1549350366, 1549350105, 1549349299, 1549347679, 1549347129, 1549346679, 1549346129]
[1549345668, 1549345596, 1549344880, 1549344782, 1549344659, 1549343514, 1549342987, 1549342647, 1549342580, 1549341665, 1549341368, 1549341023, 1549340657, 1549340609, 1549340511, 1549340344, 1549340269, 1549339905, 1549339789, 1549339674]
[1549339619, 1549339378, 1549339252, 1549338781, 1549338765, 1549338747, 1549338318, 1549337921, 1549337733, 1549337372, 1549337076, 1549337062, 1549336943, 1549336937, 1549336880, 1549336863, 1549336162, 1549335846, 1549335697, 1549335539]
[1549335438, 1549335143, 1549335076, 1549334998, 1549334680, 1549334676, 1549334635, 1549334537, 1549334373, 1549334325, 1549333979, 1549333944, 1549333601, 1549333561, 1549333410, 1549333347, 1549333240, 1549333208, 1549333140, 1549333075]
[1549332812, 1549332788, 1549332757, 1549332722, 1549332676, 1549332610, 1549332549, 1549332508, 1549332400, 1549332325, 1549332318, 1549332313, 1549332224, 1549332223, 1549332217, 1549332119, 1549332076, 1549331162, 1549330339, 1549330184]
[1549329237, 1549326622, 1549321782, 1549320497, 1549319920, 1549319180, 1549313236, 1549302903, 1549301788, 1549301013, 1549300649, 1549300338, 1549300252, 1549300217, 1549300020, 1549299563, 1549299215, 1549299024, 1549296762, 1549296472]
[1549295789, 1549295492, 1549293562, 1549291688, 1549291642, 1549291304, 1549289793, 1549289361, 1549288149, 1549286497, 1549286034, 1549284959, 1549283972, 1549283680, 1549281181, 1549280503, 1549280141, 1549277874, 1549277036, 1549277006]
[1549276897, 1549276091, 1549275267, 1549275090, 1549274747, 1549274026, 1549273104, 1549272848, 1549271309, 1549271233, 1549270634, 1549270545, 1549269783, 1549269645, 1549268891, 1549268687, 1549268580, 1549268096, 1549267846, 1549267810]
[1549266907, 1549266764, 1549266663, 1549266359, 1549266186, 1549266151, 1549266102, 1549265742, 1549265496, 1549265311, 1549265283, 1549264839, 1549264760, 1549264600, 1549263908, 1549263419, 1549263265, 1549262022, 1549261905, 1549261452]
[1549261415, 1549261349, 1549261151, 1549261076, 1549260893, 1549260761, 1549260461, 1549260343, 1549260050, 1549259828, 1549259131, 1549259045, 1549259034, 1549258975, 1549258784, 1549257933, 1549257777, 1549257728, 1549257668, 1549257596]
[1549257494, 1549257369, 1549257323, 1549257260, 1549256980, 1549256977, 1549256470, 1549256199, 1549255828, 1549255743, 1549255365, 1549255229, 1549255228, 1549255008, 1549254956, 1549254162, 1549254040, 1549253762, 1549253602, 1549253250]
[1549253140, 1549252652, 1549252563, 1549252081, 1549251895, 1549251751, 1549251728, 1549251724, 1549251356, 1549251205, 1549251149, 1549251017, 1549250960, 1549250938, 1549250930, 1549250854, 1549250815, 1549250419, 1549250267, 1549250029]
[1549249922, 1549249872, 1549249771, 1549249619, 1549249443, 1549249419, 1549249217, 1549249174, 1549249053, 1549248959, 1549248844, 1549248519, 1549248475, 1549248456, 1549248168, 1549248069, 1549247890, 1549247827, 1549247790, 1549247530]
[1549247474, 1549247282, 1549247117, 1549247073, 1549247036, 1549246958, 1549246952, 1549246820, 1549246611, 1549246431, 1549246370, 1549246265, 1549245996, 1549245885, 1549245748, 1549245416, 1549227190, 1549214280, 1549214136, 1549209803]
[1549209748, 1549205651, 1549204086, 1549196998, 1549194897, 1549193453, 1549193349, 1549192926, 1549191931, 1549191624, 1549190827, 1549190089, 1549186744, 1549186512, 1549186511, 1549186384, 1549185721, 1549180076, 1549178138, 1549177580]
[1549177072, 1549174847, 1549174367, 1549173546, 1549171351, 1549171238, 1549170993, 1549170908, 1549167228, 1549165577, 1549164847, 1549163455, 1549161298, 1549159490, 1549159326, 1549156476, 1549156133, 1549153963, 1549151724, 1549146127]
[1549137054, 1549131528, 1549129595, 1549127909, 1549127537, 1549127092, 1549122592, 1549120900, 1549120053, 1549119641, 1549119165, 1549118234, 1549118052, 1549115692, 1549115676, 1549114559, 1549113656, 1549112157, 1549111841, 1549111223]
[1549109567, 1549109445, 1549108780, 1549108547, 1549108502, 1549108124, 1549107936, 1549106920, 1549106739, 1549105158, 1549104059, 1549103976, 1549102777, 1549102433, 1549101687, 1549101397, 1549100935, 1549100778, 1549100516, 1549100434]
[1549100421, 1549100375, 1549100313, 1549100089, 1549099984, 1549099696, 1549099528, 1549099302, 1549099151, 1549098981, 1549098678, 1549098404, 1549098198, 1549098012, 1549097991, 1549097931, 1549097829, 1549097771, 1549097734, 1549097537]
[1549096987, 1549096437, 1549096004, 1549095617, 1549095475, 1549093785, 1549091388, 1549091347, 1549091233, 1549089910, 1549087908, 1549087130, 1549086393, 1549086169, 1549085534, 1549085120, 1549081730, 1549072718, 1549054885, 1549037883]
[1549036834, 1549036504, 1549033152, 1549028483, 1549020650, 1549019251, 1549015280, 1549013801, 1549002676, 1548993256, 1548992826, 1548989989, 1548984512, 1548976305, 1548961213, 1548955769, 1548954518, 1548954204, 1548954111, 1548946427]
[1548945763, 1548944896, 1548937954, 1548937625, 1548937090, 1548935879, 1548934457, 1548931450, 1548930692, 1548927389, 1548926187, 1548920702, 1548920585, 1548920346, 1548919684, 1548918412, 1548917497, 1548916217, 1548915906, 1548914703]
[1548914282, 1548908499, 1548908419, 1548908180, 1548907935, 1548907715, 1548907548, 1548907500, 1548907464, 1548906977, 1548906884, 1548906864, 1548906754, 1548906658, 1548904996, 1548903249, 1548902588, 1548902224, 1548901266, 1548900153]
[1548898678, 1548874194, 1548874062, 1548868688, 1548866448, 1548866125, 1548866112, 1548865274, 1548864440, 1548848386, 1548836646, 1548822110, 1548773987, 1548767562, 1548765122, 1548765102, 1548748864, 1548748351, 1548748103, 1548746549]
[1548745754, 1548740409, 1548731926, 1548729871, 1548693142, 1548692606, 1548692386, 1548691252, 1548684818, 1548675836, 1548674019, 1548671354, 1548670232, 1548668799, 1548666820, 1548657537, 1548657474, 1548656843, 1548643541, 1548639671]
[1548601033, 1548599201, 1548596158, 1548593207, 1548591198, 1548590722, 1548589934, 1548586332, 1548585841, 1548582848, 1548580727, 1548579693, 1548576019, 1548574737, 1548565395, 1548564948, 1548560594, 1548560022, 1548558396, 1548558196]
[1548552657, 1548551919, 1548550956, 1548549931, 1548525517, 1548524318, 1548522759, 1548521607, 1548521523, 1548521052, 1548519553, 1548517156, 1548511501, 1548510555, 1548509696, 1548507385, 1548506927, 1548506840, 1548506493, 1548505421]
[1548504930, 1548502956, 1548501581, 1548501324, 1548500892, 1548498971, 1548498452, 1548496642, 1548496510, 1548495582, 1548495001, 1548493437, 1548490661, 1548488789, 1548488586, 1548487543, 1548487124, 1548486968, 1548484940, 1548484409]
[1548481538, 1548480134, 1548479589, 1548479190, 1548479132, 1548478937, 1548478885, 1548476957, 1548476899, 1548476494, 1548476439, 1548476358, 1548473938, 1548472856, 1548472607, 1548472015, 1548471391, 1548471075, 1548470503, 1548469446]
[1548469409, 1548466807, 1548466310, 1548464567, 1548464158, 1548464047, 1548463961, 1548463869, 1548435570, 1548432296, 1548427946, 1548417720, 1548416364, 1548403103, 1548393884, 1548393841, 1548393796, 1548392741, 1548388612, 1548385220]
[1548384607, 1548384554, 1548384445, 1548381655, 1548350368, 1548347716, 1548345305, 1548343121, 1548340706, 1548338797, 1548337605, 1548337293, 1548336860, 1548333947, 1548330611, 1548330405, 1548327988, 1548327681, 1548326234, 1548324771]
[1548324704, 1548324359, 1548322530, 1548320383, 1548318891, 1548318865, 1548317218, 1548316552, 1548316049, 1548314531, 1548313184, 1548311880, 1548311723, 1548311454, 1548310293, 1548309892, 1548309035, 1548308654, 1548308302, 1548307970]
[1548307094, 1548305343, 1548304812, 1548304330, 1548304291, 1548304263, 1548304244, 1548304175, 1548304061, 1548302933, 1548302615, 1548300966, 1548300224, 1548299649, 1548299503, 1548298670, 1548297536, 1548297473, 1548296191, 1548295654]
[1548294947, 1548294380, 1548293642, 1548246923, 1548234198, 1548225562, 1548223066, 1548217179, 1548213268, 1548204652, 1548156969, 1548147169, 1548141283, 1548141166, 1548140785, 1548092268, 1548090733, 1548080354, 1548078146, 1548074448]
[1548048360, 1548045231, 1548032454, 1548009031, 1548001642, 1548001156, 1548000811, 1547996272, 1547991282, 1547990518, 1547986062, 1547970798, 1547964971, 1547962839, 1547962507, 1547960376, 1547953334, 1547950542, 1547949772, 1547946903]
[1547918896, 1547918081, 1547916048, 1547913892, 1547913423, 1547913158, 1547912665, 1547911757, 1547911704, 1547910799, 1547910319, 1547904595, 1547904501, 1547903892, 1547902965, 1547900601, 1547899351, 1547898889, 1547896293, 1547896044]
[1547893069, 1547892718, 1547891731, 1547890934, 1547890711, 1547890546, 1547889653, 1547886362, 1547881986, 1547881573, 1547880085, 1547878786, 1547878439, 1547877951, 1547877580, 1547877418, 1547875087, 1547875007, 1547874493, 1547874363]
[1547874270, 1547874132, 1547873730, 1547873299, 1547870382, 1547860216, 1547858505, 1547849392, 1547837168, 1547836566, 1547834675, 1547834615, 1547831937, 1547831559, 1547808590, 1547807868, 1547806881, 1547806869, 1547805452, 1547786295]
[1547766868, 1547766626, 1547752411, 1547750140, 1547746892, 1547744478, 1547741924, 1547741676, 1547741519, 1547741371, 1547741152, 1547740625, 1547740433, 1547740283, 1547739975, 1547738322, 1547738155, 1547734134, 1547733803, 1547732716]
[1547732175, 1547731580, 1547731170, 1547730818, 1547728471, 1547727378, 1547726985, 1547726368, 1547726234, 1547726069, 1547725978, 1547725825, 1547725781, 1547725650, 1547725563, 1547725541, 1547725297, 1547725225, 1547725134, 1547725086]
[1547725029, 1547724874, 1547724816, 1547723095, 1547722543, 1547720919, 1547719613, 1547719515, 1547719481, 1547718315, 1547716819, 1547716299, 1547715848, 1547715573, 1547715175, 1547714751, 1547714472, 1547714376, 1547714337, 1547714145]
[1547712759, 1547711224, 1547710898, 1547710476, 1547710332, 1547709657, 1547687601, 1547649267, 1547641656, 1547570783, 1547570383, 1547545893, 1547543865, 1547495383, 1547473877, 1547467817, 1547463779, 1547452919, 1547446836, 1547431797]
[1547399295, 1547399080, 1547399066, 1547393481, 1547389880, 1547389705, 1547385143, 1547368898, 1547365747, 1547364681, 1547354503, 1547354206, 1547351793, 1547350834, 1547350755, 1547348457, 1547337117, 1547317945, 1547310799, 1547310133]
[1547307198, 1547306989, 1547306872, 1547304858, 1547304022, 1547299677, 1547296939, 1547296621, 1547296605, 1547294307, 1547293196, 1547292558, 1547291768, 1547289637, 1547289270, 1547286016, 1547280588, 1547278187, 1547277336, 1547275591]
[1547274028, 1547272558, 1547272026, 1547267705, 1547267436, 1547266524, 1547265163, 1547264148, 1547264124, 1547263518, 1547261726, 1547261215, 1547260557, 1547259648, 1547258882, 1547258315, 1547258235, 1547258078, 1547256920, 1547253171]
[1547253159, 1547252746, 1547252678, 1547250593, 1547249880, 1547245431, 1547237176, 1547236637, 1547235124, 1547235077, 1547227671, 1547227622, 1547227471, 1547227365, 1547227243, 1547226899, 1547226397, 1547225849, 1547225771, 1547225671]
[1547225524, 1547212609, 1547212110, 1547209751, 1547207605, 1547203433, 1547187570, 1547180107, 1547174875, 1547171665, 1547164860, 1547148318, 1547144044, 1547142844, 1547131359, 1547122602, 1547112659, 1547111016, 1547101845, 1547095353]
[1547084877, 1547054253, 1547053946, 1547038157, 1547005328, 1546997566, 1546960321, 1546941908, 1546931986, 1546912641, 1546890285, 1546877228, 1546868230, 1546866481, 1546866308, 1546852248, 1546839348, 1546838240, 1546820544, 1546813805]
[1546789567, 1546788605, 1546788307, 1546787364, 1546779191, 1546776616, 1546776006, 1546775830, 1546775567, 1546772795, 1546770268, 1546769210, 1546768886, 1546768143, 1546764005, 1546763957, 1546763865, 1546762008, 1546761992, 1546761861]
[1546759532, 1546759201, 1546758562, 1546757314, 1546756143, 1546755632, 1546755386, 1546755002, 1546754540, 1546754266, 1546753520, 1546753171, 1546753153, 1546752772, 1546752240, 1546751607, 1546750975, 1546750680, 1546750472, 1546750227]
[1546749771, 1546749424, 1546749363, 1546749238, 1546749135, 1546747445, 1546746899, 1546745180, 1546745143, 1546745018, 1546744814, 1546744463, 1546744234, 1546742835, 1546740831, 1546740366, 1546739957, 1546737753, 1546735674, 1546733605]
[1546732473, 1546729621, 1546723767, 1546723290, 1546722195, 1546721030, 1546719227, 1546716699, 1546711958, 1546711105, 1546709494, 1546708373, 1546705699, 1546704752, 1546703433, 1546702891, 1546702649, 1546702339, 1546702202, 1546702148]
[1546701013, 1546695509, 1546691795, 1546691580, 1546689202, 1546685711, 1546685170, 1546654705, 1546654372, 1546643983, 1546640602, 1546634740, 1546622377, 1546602229, 1546594381, 1546587974, 1546573908, 1546528923, 1546525107, 1546525043]
[1546518676, 1546516770, 1546512991, 1546512349, 1546507760, 1546492721, 1546478504, 1546450584, 1546443863, 1546442525, 1546442505, 1546438373, 1546437945, 1546435957, 1546434426, 1546433221, 1546429274, 1546428950, 1546428532, 1546426808]
[1546426480, 1546426016, 1546425827, 1546422017, 1546409740, 1546405306, 1546387209, 1546365903, 1546362508, 1546361497, 1546356841, 1546356354, 1546352370, 1546347444, 1546346338, 1546343050, 1546341484, 1546327623, 1546327254, 1546323880]
[1546323270, 1546311211, 1546309108, 1546305515, 1546303835, 1546302161, 1546287095, 1546282794, 1546281455, 1546271503, 1546269764, 1546268724, 1546266834, 1546265956, 1546262287, 1546261849, 1546260553, 1546259395, 1546252585, 1546249804]
[1546249640, 1546245109, 1546244590, 1546242022, 1546240789, 1546240267, 1546239328, 1546237990, 1546234761, 1546234132, 1546233813, 1546232884, 1546232712, 1546232684, 1546231962, 1546231731, 1546231088, 1546230511, 1546228474, 1546227841]
[1546225416, 1546224833, 1546224318, 1546222581, 1546222096, 1546218529, 1546214120, 1546188263, 1546187202, 1546187058, 1546186044, 1546185704, 1546184377, 1546179078, 1546177506, 1546176407, 1546176226, 1546172860, 1546172055, 1546171900]
[1546171473, 1546170669, 1546170465, 1546168678, 1546166044, 1546166044, 1546165544, 1546164989, 1546161996, 1546160918, 1546160699, 1546160354, 1546160320, 1546159275, 1546158520, 1546157853, 1546157099, 1546156631, 1546156115, 1546155446]
[1546154347, 1546154021, 1546151772, 1546149828, 1546147402, 1546146915, 1546146722, 1546146492, 1546146457, 1546145619, 1546145234, 1546143996, 1546143396, 1546142885, 1546140467, 1546140360, 1546140285, 1546139331, 1546139233, 1546137625]
[1546137576, 1546136519, 1546134711, 1546133322, 1546132828, 1546131407, 1546131200, 1546130468, 1546129890, 1546128932, 1546123152, 1546122913, 1546121847, 1546118118, 1546116277, 1546115468, 1546110547, 1546108061, 1546107250, 1546107170]
[1546106937, 1546105521, 1546103645, 1546103572, 1546103233, 1546102908, 1546101759, 1546100801, 1546098867, 1546098748, 1546097102, 1546093282, 1546091651, 1546091632, 1546088200, 1546083424, 1546071080, 1546034841, 1546020112, 1546014491]
[1546001450, 1546000815, 1545997176, 1545996241, 1545992416, 1545992091, 1545982603, 1545981741, 1545970998, 1545968055, 1545965342, 1545962039, 1545939884, 1545930302, 1545927379, 1545926458, 1545923395, 1545920659, 1545920009, 1545919892]
[1545919642, 1545918172, 1545911377, 1545910179, 1545908675, 1545908482, 1545908196, 1545908141, 1545907713, 1545907367, 1545907260, 1545905531, 1545905372, 1545902556, 1545902165, 1545901088, 1545900850, 1545899751, 1545899618, 1545899300]
[1545899276, 1545898757, 1545835416, 1545817804, 1545797277, 1545751552, 1545735990, 1545727069, 1545705002, 1545666152, 1545664645, 1545661996, 1545652172, 1545638697, 1545594027, 1545588396, 1545586218, 1545586217, 1545580206, 1545579757]
[1545577594, 1545576356, 1545575207, 1545574478, 1545572720, 1545568552, 1545562773, 1545560118, 1545556713, 1545550961, 1545550186, 1545539669, 1545537247, 1545536540, 1545531252, 1545530768, 1545530147, 1545529531, 1545529001, 1545528522]
[1545526718, 1545525814, 1545524463, 1545521169, 1545518167, 1545511719, 1545502760, 1545500860, 1545500804, 1545500742, 1545499911, 1545496457, 1545496118, 1545495556, 1545495380, 1545493882, 1545493005, 1545492496, 1545491173, 1545490479]
[1545490430, 1545489877, 1545488902, 1545488036, 1545487966, 1545487331, 1545487003, 1545486911, 1545486662, 1545486612, 1545486593, 1545486484, 1545486367, 1545486094, 1545486026, 1545485999, 1545485836, 1545485291, 1545485022, 1545484526]
[1545484392, 1545483943, 1545483619, 1545483572, 1545483509, 1545483359, 1545482939, 1545482087, 1545478039, 1545464940, 1545456536, 1545451191, 1545448545, 1545435812, 1545434417, 1545406452, 1545405909, 1545393020, 1545388028, 1545384669]
[1545381272, 1545380764, 1545377283, 1545376915, 1545376273, 1545356166, 1545355439, 1545349726, 1545347161, 1545347053, 1545344239, 1545343983, 1545324234, 1545323066, 1545320541, 1545320089, 1545319395, 1545317430, 1545315500, 1545314697]
[1545314630, 1545313960, 1545313844, 1545313530, 1545313339, 1545312842, 1545312756, 1545312620, 1545312477, 1545312280, 1545311284, 1545309467, 1545296384, 1545296364, 1545266737, 1545255500, 1545227869, 1545226552, 1545203080, 1545195448]
[1545194372, 1545104641, 1545011243, 1545004808, 1544975821, 1544973682, 1544970452, 1544953438, 1544942925, 1544940687, 1544940160, 1544935318, 1544929393, 1544923922, 1544891524, 1544884421, 1544879369, 1544874105, 1544866473, 1544860072]
[1544847890, 1544847776, 1544847600, 1544840814, 1544830419, 1544809773, 1544809415, 1544801928, 1544799605, 1544799369, 1544795218, 1544788225, 1544786941, 1544785844, 1544783354, 1544783294, 1544783218, 1544779571, 1544779503, 1544773283]
[1544769377, 1544766754, 1544763750, 1544757666, 1544757387, 1544756711, 1544755982, 1544754864, 1544754200, 1544754181, 1544749288, 1544722101, 1544717744, 1544716231, 1544712380, 1544700866, 1544697871, 1544676576, 1544669549, 1544657694]
[1544621742, 1544617449, 1544607250, 1544605872, 1544602108, 1544598670, 1544546199, 1544545664, 1544542761, 1544542013, 1544535951, 1544526120, 1544518617, 1544502865, 1544461829, 1544461736, 1544461693, 1544461463, 1544458495, 1544456661]
[1544455976, 1544455880, 1544454258, 1544451366, 1544448421, 1544447030, 1544446173, 1544445643, 1544445118, 1544444977, 1544444309, 1544444035, 1544442852, 1544441373, 1544440577, 1544440302, 1544436532, 1544435818, 1544434204, 1544428545]
[1544426357, 1544424269, 1544424206, 1544412141, 1544409958, 1544403049, 1544401133, 1544371040, 1544365445, 1544364685, 1544363699, 1544363523, 1544363339, 1544362385, 1544362012, 1544360445, 1544360336, 1544357639, 1544356864, 1544355527]
[1544355421, 1544354421, 1544352755, 1544352573, 1544350830, 1544346551, 1544345864, 1544324433, 1544319156, 1544318570, 1544309568, 1544293795, 1544291399, 1544287541, 1544287129, 1544287058, 1544280402, 1544278042, 1544277439, 1544275125]
[1544275039, 1544274441, 1544271016, 1544270416, 1544268438, 1544267275, 1544267265, 1544266985, 1544266452, 1544266442, 1544266425, 1544266288, 1544266116, 1544266108, 1544265695, 1544263157, 1544261252, 1544261000, 1544257452, 1544246511]
[1544245458, 1544242551, 1544239601, 1544233637, 1544229237, 1544227953, 1544222041, 1544220133, 1544217425, 1544211828, 1544209220, 1544204950, 1544200135, 1544198332, 1544197401, 1544197090, 1544196187, 1544195499, 1544195198, 1544194380]
[1544194218, 1544194093, 1544193505, 1544193362, 1544193162, 1544193142, 1544193108, 1544192169, 1544191685, 1544191410, 1544190571, 1544190444, 1544189789, 1544189659, 1544189621, 1544189462, 1544189431, 1544189424, 1544189369, 1544189255]
[1544189204, 1544189153, 1544189136, 1544189095, 1544189031, 1544187015, 1544179240, 1544177712, 1544169697, 1544161839, 1544161602, 1544157889, 1544156050, 1544155686, 1544152315, 1544147069, 1544119902, 1544107580, 1544100446, 1544098224]
[1544095605, 1544094091, 1544065799, 1544065113, 1544063788, 1544059834, 1544053959, 1544049489, 1544048631, 1544030811, 1544030633, 1544030003, 1544029698, 1544029623, 1544028317, 1544027123, 1544026768, 1544026181, 1544025930, 1544024006]
[1544023481, 1544021013, 1544018518, 1544006377, 1544000061, 1543996654, 1543996086, 1543993084, 1543989292, 1543988669, 1543983465, 1543982787, 1543978010, 1543975804, 1543921583, 1543847426, 1543843241, 1543840584, 1543840019, 1543814806]
[1543771301, 1543755680, 1543672481, 1543670266, 1543663207, 1543567604, 1543539014, 1543482042, 1543480882, 1543463834, 1543458036, 1543454758, 1543421817, 1543411549, 1543408703, 1543402710, 1543375497, 1543317070, 1543301180, 1543283610]
[1543131442, 1543124891, 1543124127, 1543122033, 1543118814, 1543090395, 1543069606, 1543064988, 1543030576, 1543025600, 1542967925, 1542827662, 1542810388, 1542598473, 1542546049, 1542537882, 1542522088, 1542489511, 1542481176, 1542473051]
[1542458878, 1542454477, 1542392064, 1542310791, 1542288792, 1542286450, 1542285824, 1542284374, 1542281454, 1542281037, 1542279654, 1542279498, 1542277472, 1542261587, 1542261217, 1542252896, 1542245408, 1542194893, 1542193970, 1542184461]
[1542176916, 1542171244, 1542169119, 1542154459, 1542125814, 1542122766, 1542120106, 1542118742, 1542117607, 1542112195, 1542104022, 1542103591, 1542103468, 1542102815, 1542102734, 1542100962, 1542100180, 1542099539, 1542099394, 1542099110]
[1542098999, 1542098537, 1542098482, 1542098103, 1542097701, 1542096783, 1542096723, 1542096687, 1542096590, 1542095598, 1542095431, 1542094325, 1542094060, 1542093503, 1542093237, 1542092705, 1542092671, 1542092559, 1542090496, 1542088520]
[1542081289, 1542042816, 1542038225, 1542020761, 1542019795, 1542013254, 1542009728]
