[1557368294, 1557365688, 1557364297, 1557359499, 1557358098, 1557341327, 1557336898, 1557335434, 1557329514, 1557327971, 1557326117, 1557324136, 1557318106, 1557306355, 1557301116, 1557294401, 1557290341, 1557288981, 1557288227, 1557288180]
[1557287263, 1557286462, 1557286246, 1557284665, 1557284429, 1557284158, 1557283617, 1557283158, 1557282568, 1557282459, 1557281799, 1557281715, 1557281715, 1557281638, 1557281554, 1557281348, 1557281169, 1557280815, 1557280591, 1557245098]
[1557226917, 1557193576, 1557169075, 1557136551, 1557093484, 1557064269, 1557060845, 1556999425, 1556981137, 1556978713, 1556946509, 1556943143, 1556933266, 1556910200, 1556904822, 1556896475, 1556886943, 1556864221, 1556842397, 1556841584]
[1556817000, 1556815282, 1556813452, 1556811892, 1556809846, 1556781649, 1556775625, 1556775094, 1556770687, 1556766169, 1556759942, 1556757881, 1556753855, 1556741246, 1556735928, 1556731183, 1556724518, 1556723541, 1556718350, 1556717534]
[1556714911, 1556714679, 1556714602, 1556707090, 1556704977, 1556689607, 1556686831, 1556686603, 1556685876, 1556685145, 1556684213, 1556678931, 1556677868, 1556659336, 1556654508, 1556635989, 1556623140, 1556612242, 1556583560, 1556555680]
[1556541917, 1556541902, 1556509133, 1556506709, 1556463945, 1556452284, 1556451832, 1556431772, 1556381851, 1556363627, 1556306404, 1556301310, 1556288994, 1556255048, 1556247872, 1556242031, 1556206065, 1556197876, 1556189491, 1556183560]
[1556161193, 1556159738, 1556157358, 1556149559, 1556124748, 1556124685, 1556122466, 1556121118, 1556120044, 1556118176, 1556117990, 1556116882, 1556115439, 1556114926, 1556111184, 1556107388, 1556103086, 1556101784, 1556101564, 1556100067]
[1556097914, 1556090278, 1556088084, 1556087987, 1556087249, 1556085902, 1556081240, 1556081142, 1556076938, 1556075526, 1556074193, 1556073555, 1556073163, 1556072498, 1556071705, 1556071679, 1556070349, 1556050457, 1556035978, 1556021992]
[1556003607, 1555993739, 1555990909, 1555978190, 1555952165, 1555938904, 1555911665, 1555854591, 1555839651, 1555822384, 1555816879, 1555776096, 1555774118, 1555755429, 1555740121, 1555733147, 1555722553, 1555654858, 1555654793, 1555651003]
[1555650670, 1555637093, 1555612384, 1555590134, 1555589054, 1555578229, 1555573310, 1555571287, 1555569598, 1555569574, 1555564804, 1555561773, 1555561018, 1555560876, 1555559964, 1555559792, 1555559740, 1555559671, 1555558780, 1555555443]
[1555547782, 1555544308, 1555540569, 1555515051, 1555511724, 1555509683, 1555509042, 1555509017, 1555501708, 1555493671, 1555493299, 1555493069, 1555492361, 1555491968, 1555491920, 1555489119, 1555488026, 1555487281, 1555483039, 1555481635]
[1555481161, 1555481088, 1555480553, 1555479350, 1555479151, 1555477720, 1555475969, 1555475283, 1555475241, 1555473873, 1555470579, 1555470532, 1555469285, 1555468806, 1555467936, 1555467252, 1555467129, 1555466463, 1555464227, 1555463473]
[1555463331, 1555459097, 1555450216, 1555436864, 1555434148, 1555433412, 1555403019, 1555390312, 1555389538, 1555388042, 1555347251, 1555336601, 1555301158, 1555293436, 1555282804, 1555238957, 1555207725, 1555175893, 1555162654, 1555160161]
[1555149504, 1555141502, 1555080491, 1555040079, 1555034243, 1555002154, 1555001691, 1554998221, 1554998153, 1554996298, 1554994671, 1554992743, 1554991128, 1554985678, 1554983121, 1554978358, 1554977520, 1554973406, 1554971560, 1554970218]
[1554968677, 1554968263, 1554962149, 1554961091, 1554959285, 1554954005, 1554953046, 1554949194, 1554947104, 1554944400, 1554942010, 1554941727, 1554912651, 1554912564, 1554910971, 1554910653, 1554909206, 1554908323, 1554907699, 1554904156]
[1554903558, 1554901924, 1554899382, 1554898755, 1554892170, 1554889299, 1554889078, 1554887972, 1554887329, 1554885445, 1554879723, 1554877948, 1554877098, 1554876307, 1554875713, 1554874188, 1554871908, 1554871363, 1554870934, 1554870011]
[1554869927, 1554866835, 1554866674, 1554866219, 1554865698, 1554865237, 1554865134, 1554864374, 1554864326, 1554863144, 1554862726, 1554862483, 1554861693, 1554851974, 1554818953, 1554807705, 1554804838, 1554796751, 1554788548, 1554778839]
[1554778502, 1554776961, 1554771309, 1554765840, 1554748467, 1554741423, 1554740267, 1554738889, 1554738485, 1554734665, 1554723798, 1554723605, 1554722538, 1554714720, 1554711378, 1554709213, 1554706491, 1554705616, 1554705412, 1554608141]
[1554605103, 1554533673, 1554532584, 1554525562, 1554515610, 1554513008, 1554509701, 1554485233, 1554481051, 1554476171, 1554476120, 1554476099, 1554475533, 1554473413, 1554472376, 1554465513, 1554463271, 1554457595, 1554453224, 1554451939]
[1554451884, 1554447014, 1554438580, 1554437799, 1554431390, 1554431164, 1554427445, 1554409181, 1554403546, 1554394965, 1554392861, 1554391107, 1554378276, 1554376838, 1554376367, 1554371680, 1554370328, 1554368523, 1554367881, 1554367374]
[1554366510, 1554363765, 1554363041, 1554358890, 1554357821, 1554357159, 1554356835, 1554354463, 1554352990, 1554352832, 1554352665, 1554351478, 1554350956, 1554349363, 1554348986, 1554347432, 1554345883, 1554345520, 1554345392, 1554345110]
[1554344157, 1554343911, 1554343909, 1554343848, 1554343800, 1554343250, 1554340275, 1554340096, 1554338841, 1554310905, 1554308774, 1554308598, 1554308554, 1554308552, 1554307859, 1554306409, 1554298064, 1554297091, 1554296040, 1554292566]
[1554292044, 1554290646, 1554289893, 1554288479, 1554280690, 1554280543, 1554274890, 1554271177, 1554270369, 1554266542, 1554264515, 1554259519, 1554257680, 1554257496, 1554257262, 1554254549, 1554254409, 1554253835, 1554252783, 1554249077]
[1554244747, 1554226990, 1554226055, 1554223796, 1554223215, 1554220564, 1554214056, 1554210963, 1554210903, 1554206323, 1554202410, 1554202175, 1554183475, 1554171925, 1554170289, 1554165351, 1554147901, 1554144258, 1554048904, 1554036710]
[1554035417, 1554008813, 1553952931, 1553949253, 1553948643, 1553947584, 1553939859, 1553888779, 1553879594, 1553832098, 1553826358, 1553823223, 1553819434, 1553818228, 1553787568, 1553780745, 1553763640, 1553760563, 1553754254, 1553748289]
[1553745893, 1553742797, 1553738399, 1553734744, 1553728215, 1553723992, 1553714500, 1553706040, 1553705846, 1553704764, 1553704718, 1553704250, 1553703202, 1553702515, 1553702084, 1553698830, 1553698515, 1553696711, 1553695516, 1553695498]
[1553694255, 1553693387, 1553693187, 1553690283, 1553688900, 1553682045, 1553680347, 1553679557, 1553673408, 1553668530, 1553668385, 1553668142, 1553666581, 1553665409, 1553662846, 1553662716, 1553661798, 1553661157, 1553657224, 1553656076]
[1553656037, 1553655925, 1553654945, 1553654937, 1553654776, 1553654703, 1553654029, 1553653829, 1553653550, 1553653521, 1553653049, 1553652783, 1553652348, 1553651791, 1553651191, 1553610945, 1553608633, 1553604038, 1553569619, 1553532827]
[1553488610, 1553477036, 1553443343, 1553403664, 1553399707, 1553399391, 1553395128, 1553391205, 1553357811, 1553355572, 1553355097, 1553337298, 1553332356, 1553312019, 1553306888, 1553272924, 1553272898, 1553269613, 1553251004, 1553249207]
[1553248892, 1553243477, 1553193245, 1553183484, 1553181161, 1553171788, 1553171392, 1553170704, 1553161826, 1553152203, 1553148979, 1553148726, 1553141171, 1553139771, 1553138751, 1553136991, 1553135798, 1553135726, 1553135595, 1553135535]
[1553132160, 1553130807, 1553107847, 1553101498, 1553099191, 1553096545, 1553095349, 1553095216, 1553094756, 1553094340, 1553093388, 1553092829, 1553091965, 1553091722, 1553091229, 1553090795, 1553088982, 1553087910, 1553087748, 1553087106]
[1553087026, 1553086431, 1553079999, 1553077812, 1553077415, 1553076014, 1553074980, 1553073392, 1553073055, 1553071957, 1553071350, 1553071280, 1553067905, 1553067876, 1553067693, 1553066215, 1553065903, 1553065112, 1553064773, 1553064751]
[1553064625, 1553064368, 1553063872, 1553060417, 1553059855, 1553058796, 1553058769, 1553057992, 1553056876, 1553056629, 1553056510, 1553056312, 1553056171, 1553054949, 1553054534, 1553052638, 1553051706, 1553051151, 1553050649, 1553050384]
[1553049488, 1553048914, 1553048834, 1553048684, 1553048348, 1553048323, 1553048306, 1553047908, 1553047780, 1553047774, 1553047748, 1553047562, 1553047277, 1553047259, 1553047241, 1553047236, 1553047230, 1553043890, 1553043642, 1553039157]
[1553037243, 1553002155, 1553001903, 1552990417, 1552988439, 1552977087, 1552967925, 1552963299, 1552957303, 1552933235, 1552927831, 1552915378, 1552913464, 1552901830, 1552901724, 1552900918, 1552895365, 1552893054, 1552891113, 1552890957]
[1552890938, 1552888799, 1552850758, 1552847682, 1552846499, 1552836495, 1552835088, 1552831023, 1552830895, 1552808019, 1552807798, 1552805511, 1552802734, 1552800485, 1552798239, 1552798055, 1552797980, 1552787626, 1552785797, 1552783139]
[1552780564, 1552777350, 1552757762, 1552750148, 1552736161, 1552734878, 1552734698, 1552730607, 1552727294, 1552724719, 1552720106, 1552718392, 1552717184, 1552713930, 1552702643, 1552694186, 1552687879, 1552659764, 1552656647, 1552655194]
[1552650833, 1552650693, 1552646074, 1552641986, 1552641356, 1552637547, 1552630300, 1552623731, 1552621474, 1552618576, 1552614138, 1552613323, 1552604706, 1552598839, 1552595567, 1552583188, 1552582057, 1552581665, 1552581434, 1552580870]
[1552580480, 1552580158, 1552579557, 1552579315, 1552579018, 1552577329, 1552575194, 1552574206, 1552573780, 1552573098, 1552570460, 1552566530, 1552566122, 1552564993, 1552562927, 1552562002, 1552561949, 1552560758, 1552559009, 1552559000]
[1552558617, 1552558252, 1552556916, 1552556147, 1552545206, 1552541167, 1552533248, 1552532277, 1552532252, 1552531274, 1552529053, 1552528351, 1552526989, 1552519248, 1552516755, 1552516526, 1552514059, 1552506054, 1552504421, 1552503196]
[1552502067, 1552496093, 1552495470, 1552495387, 1552495006, 1552493949, 1552493596, 1552493508, 1552493142, 1552493000, 1552492710, 1552492425, 1552491680, 1552491340, 1552491090, 1552490648, 1552490394, 1552490383, 1552489898, 1552489577]
[1552489148, 1552488527, 1552488515, 1552487275, 1552486620, 1552486346, 1552484635, 1552484507, 1552482621, 1552482163, 1552481665, 1552479989, 1552479612, 1552478661, 1552478115, 1552477534, 1552477176, 1552477041, 1552476475, 1552476345]
[1552475983, 1552475213, 1552474374, 1552474148, 1552473938, 1552470444, 1552470350, 1552470214, 1552469419, 1552468405, 1552468090, 1552466949, 1552466599, 1552466376, 1552465986, 1552464414, 1552463224, 1552463083, 1552463033, 1552462255]
[1552460387, 1552459178, 1552459124, 1552459105, 1552459066, 1552458738, 1552458088, 1552457994, 1552457937, 1552457587, 1552457344, 1552457035, 1552456299, 1552453346, 1552453109, 1552453028, 1552452913, 1552452011, 1552451296, 1552451149]
[1552451114, 1552450886, 1552450812, 1552449795, 1552449601, 1552449002, 1552448906, 1552448490, 1552448020, 1552447691, 1552447490, 1552447263, 1552447044, 1552446742, 1552446625, 1552446030, 1552445994, 1552445718, 1552444797, 1552444787]
[1552444622, 1552444208, 1552443682, 1552443629, 1552443507, 1552443506, 1552443483, 1552443480, 1552443207, 1552443157, 1552443119, 1552443036, 1552443025, 1552443022, 1552442996, 1552442811, 1552440950, 1552433976, 1552432729, 1552411676]
[1552410199, 1552403905, 1552399936, 1552375128, 1552370025, 1552356517, 1552341480, 1552330322, 1552309440, 1552259397, 1552238601, 1552235189, 1552226083, 1552222860, 1552212471, 1552207509, 1552192616, 1552181188, 1552150152, 1552139116]
[1552138917, 1552132214, 1552130033, 1552127033, 1552121489, 1552110943, 1552110319, 1552107535, 1552101115, 1552099759, 1552096749, 1552088655, 1552073267, 1552064634, 1552064136, 1552061997, 1552060692, 1552057323, 1552045468, 1552042134]
[1552039589, 1552030083, 1552026898, 1552019070, 1552019007, 1552017488, 1552009535, 1552005945, 1551988249, 1551984596, 1551984498, 1551981484, 1551976967, 1551975814, 1551975328, 1551973956, 1551973497, 1551973436, 1551971397, 1551970989]
[1551970727, 1551969953, 1551969796, 1551969730, 1551968178, 1551966666, 1551964187, 1551963951, 1551953780, 1551952316, 1551951693, 1551950956, 1551950047, 1551946788, 1551943946, 1551943471, 1551941778, 1551940062, 1551935014, 1551930150]
[1551927135, 1551919697, 1551917450, 1551915354, 1551915114, 1551913968, 1551897815, 1551894725, 1551892958, 1551890664, 1551890118, 1551889551, 1551888802, 1551887696, 1551883832, 1551882512, 1551880190, 1551879424, 1551879305, 1551878074]
[1551857730, 1551857663, 1551856530, 1551855908, 1551855796, 1551855454, 1551854883, 1551854859, 1551854504, 1551853884, 1551853169, 1551852659, 1551851220, 1551851083, 1551850665, 1551850402, 1551849521, 1551848735, 1551848361, 1551848010]
[1551847929, 1551847484, 1551847149, 1551846897, 1551846511, 1551844989, 1551844007, 1551843741, 1551842788, 1551842427, 1551842414, 1551841722, 1551841616, 1551841362, 1551841330, 1551840974, 1551840580, 1551840174, 1551840170, 1551839988]
[1551839984, 1551839843, 1551839485, 1551839138, 1551838945, 1551838897, 1551838567, 1551838527, 1551838442, 1551838262, 1551838067, 1551837927, 1551837662, 1551837177, 1551833603, 1551832249, 1551830806, 1551804706, 1551789783, 1551777300]
[1551775908, 1551773540, 1551773511, 1551773500, 1551773440, 1551772898, 1551767921, 1551767276, 1551766710, 1551758311, 1551754511, 1551745356, 1551738363, 1551712632, 1551712487, 1551710565, 1551696326, 1551685849, 1551671016, 1551636134]
[1551634611, 1551631833, 1551630687, 1551622144, 1551621100, 1551619000, 1551613718, 1551607285, 1551602043, 1551600626, 1551587503, 1551587097, 1551582901, 1551570348, 1551567313, 1551544608, 1551544202, 1551543594, 1551534918, 1551530460]
[1551529981, 1551520901, 1551518877, 1551517878, 1551513166, 1551497738, 1551492737, 1551485390, 1551476516, 1551470406, 1551467094, 1551461167, 1551458850, 1551457938, 1551454122, 1551451069, 1551450987, 1551448064, 1551443819, 1551439433]
[1551436496, 1551432573, 1551432454, 1551432381, 1551430369, 1551426663, 1551425553, 1551424760, 1551424162, 1551422400, 1551419635, 1551419619, 1551416006, 1551414683, 1551409070, 1551382252, 1551376797, 1551374644, 1551372305, 1551372132]
[1551367959, 1551363168, 1551361828, 1551353710, 1551353360, 1551352552, 1551351600, 1551350388, 1551349310, 1551346985, 1551346919, 1551345960, 1551343018, 1551336720, 1551333741, 1551333664, 1551333572, 1551333304, 1551333166, 1551331851]
[1551330075, 1551325110, 1551324550, 1551322830, 1551321923, 1551319650, 1551318333, 1551314967, 1551311505, 1551306471, 1551299394, 1551292478, 1551291880, 1551290400, 1551288789, 1551288289, 1551286492, 1551285754, 1551285737, 1551285512]
[1551283726, 1551283300, 1551280645, 1551280549, 1551280213, 1551279925, 1551278884, 1551277807, 1551277647, 1551277176, 1551276042, 1551275120, 1551273943, 1551272035, 1551268368, 1551267864, 1551265875, 1551265819, 1551265794, 1551262889]
[1551260418, 1551260351, 1551259936, 1551259406, 1551259191, 1551258303, 1551258020, 1551257674, 1551256993, 1551256703, 1551253413, 1551253222, 1551252655, 1551252136, 1551251157, 1551249743, 1551249228, 1551248448, 1551248348, 1551248150]
[1551247327, 1551247080, 1551246844, 1551246449, 1551246199, 1551245249, 1551244908, 1551244905, 1551243905, 1551243309, 1551243143, 1551242892, 1551242812, 1551242509, 1551242330, 1551242153, 1551242035, 1551241878, 1551241570, 1551241469]
[1551241317, 1551241094, 1551240563, 1551239901, 1551239247, 1551239141, 1551238832, 1551238463, 1551238395, 1551238308, 1551238278, 1551238016, 1551237825, 1551237745, 1551237524, 1551237127, 1551236994, 1551236964, 1551236195, 1551236183]
[1551236134, 1551236004, 1551235677, 1551235548, 1551234682, 1551234216, 1551234205, 1551233988, 1551233462, 1551233279, 1551232970, 1551229129, 1551226310, 1551194580, 1551193496, 1551192198, 1551186196, 1551179990, 1551160564, 1551160541]
[1551155235, 1551106207, 1551086003, 1551074766, 1551071982, 1551071375, 1551066838, 1551064724, 1551034535, 1551023549, 1551019530, 1551015553, 1551014456, 1551010634, 1551008431, 1551004508, 1551001011, 1550998041, 1550994019, 1550979291]
[1550968882, 1550960176, 1550949912, 1550936962, 1550919218, 1550912280, 1550911418, 1550908572, 1550904223, 1550903483, 1550903255, 1550895744, 1550894915, 1550893305, 1550891018, 1550888004, 1550885814, 1550884624, 1550881161, 1550863752]
[1550857603, 1550854690, 1550851069, 1550849961, 1550849109, 1550848947, 1550847612, 1550847540, 1550846153, 1550845437, 1550844568, 1550843914, 1550842775, 1550842698, 1550840522, 1550837202, 1550834723, 1550831612, 1550828695, 1550827322]
[1550825342, 1550825081, 1550824159, 1550821847, 1550820018, 1550818969, 1550817762, 1550817762, 1550816261, 1550815874, 1550813946, 1550813716, 1550813269, 1550812422, 1550812331, 1550810783, 1550810013, 1550809300, 1550808950, 1550808252]
[1550808118, 1550807188, 1550807037, 1550806890, 1550806476, 1550806471, 1550806084, 1550805158, 1550805089, 1550803739, 1550803519, 1550803347, 1550803030, 1550802774, 1550802683, 1550802645, 1550802430, 1550802409, 1550802361, 1550801539]
[1550801337, 1550801253, 1550801046, 1550800958, 1550800882, 1550800868, 1550800845, 1550800135, 1550799490, 1550796689, 1550789235, 1550762707, 1550759011, 1550758418, 1550755409, 1550748375, 1550747292, 1550725590, 1550723875, 1550723795]
[1550643807, 1550637324, 1550634609, 1550632640, 1550627292, 1550626057, 1550624696, 1550615415, 1550603073, 1550595835, 1550592100, 1550588195, 1550582184, 1550581595, 1550578639, 1550578006, 1550575775, 1550574293, 1550566280, 1550564553]
[1550555606, 1550547822, 1550544710, 1550536735, 1550535912, 1550513585, 1550506881, 1550505049, 1550502501, 1550502360, 1550499841, 1550498754, 1550490068, 1550487058, 1550486183, 1550486108, 1550482356, 1550481021, 1550479985, 1550479846]
[1550479197, 1550476335, 1550474010, 1550473906, 1550471993, 1550456352, 1550455226, 1550448984, 1550423104, 1550405192, 1550396472, 1550393263, 1550379469, 1550372692, 1550360931, 1550345980, 1550338681, 1550335378, 1550325126, 1550321503]
[1550318657, 1550317147, 1550308852, 1550305577, 1550300978, 1550297631, 1550296823, 1550289649, 1550288349, 1550287901, 1550280894, 1550273314, 1550264191, 1550246228, 1550245990, 1550244130, 1550242395, 1550242060, 1550241312, 1550241013]
[1550239827, 1550238270, 1550236437, 1550235190, 1550223677, 1550222892, 1550216505, 1550215873, 1550208382, 1550207721, 1550207196, 1550206645, 1550205839, 1550205029, 1550204915, 1550202672, 1550201790, 1550200582, 1550200136, 1550197144]
[1550196482, 1550195982, 1550195840, 1550194419, 1550194411, 1550194367, 1550191357, 1550190882, 1550189323, 1550186068, 1550181930, 1550180161, 1550174146, 1550171300, 1550167924, 1550167106, 1550167085, 1550166580, 1550165807, 1550165625]
[1550163442, 1550162394, 1550162251, 1550162172, 1550162119, 1550162047, 1550161986, 1550161767, 1550161245, 1550160858, 1550160577, 1550160561, 1550160063, 1550159754, 1550159576, 1550159379, 1550159222, 1550158534, 1550158339, 1550157677]
[1550157607, 1550157604, 1550157293, 1550157041, 1550156796, 1550156701, 1550155981, 1550155806, 1550155577, 1550154993, 1550154928, 1550154865, 1550154787, 1550154643, 1550154067, 1550153986, 1550153146, 1550153004, 1550152952, 1550152948]
[1550152892, 1550152608, 1550152557, 1550152402, 1550152291, 1550152046, 1550151706, 1550151523, 1550151445, 1550151044, 1550150984, 1550150778, 1550150686, 1550150655, 1550150537, 1550150114, 1550149665, 1550149650, 1550149442, 1550149352]
[1550148898, 1550148441, 1550147586, 1550146694, 1550146301, 1550146248, 1550145812, 1550145552, 1550145251, 1550143453, 1550141548, 1550140245, 1550139674, 1550139510, 1550138777, 1550138361, 1550137754, 1550137614, 1550136416, 1550126720]
[1550116383, 1550107962, 1550075126, 1550073814, 1550070262, 1550069160, 1550066721, 1550065711, 1550065690, 1550064781, 1550063593, 1550063388, 1550061637, 1550049163, 1550042170, 1550039513, 1550032457, 1550031888, 1550031395, 1550030203]
[1550030140, 1550029562, 1550029345, 1550027545, 1550026079, 1550020522, 1550019739, 1550015963, 1550014020, 1549994440, 1549993416, 1549985880, 1549977246, 1549973079, 1549945264, 1549944406, 1549912145, 1549909478, 1549905952, 1549900644]
[1549900641, 1549900416, 1549898572, 1549897965, 1549889260, 1549883106, 1549869088, 1549861109, 1549859664, 1549857636, 1549822254, 1549815507, 1549813284, 1549804169, 1549789233, 1549783227, 1549763303, 1549763156, 1549722851, 1549713171]
[1549711699, 1549710215, 1549696413, 1549691579, 1549691538, 1549683210, 1549682320, 1549681882, 1549681556, 1549654361, 1549653829, 1549653823, 1549653798, 1549653768, 1549653761, 1549653561, 1549653547, 1549653510, 1549653463, 1549653426]
[1549653382, 1549653224, 1549653213, 1549653202, 1549653152, 1549653143, 1549653123, 1549653090, 1549653043, 1549653017, 1549652975, 1549652958, 1549652939, 1549652920, 1549652870, 1549652785, 1549652714, 1549652659, 1549652636, 1549652576]
[1549652536, 1549652523, 1549652430, 1549652369, 1549652294, 1549652280, 1549652280, 1549652243, 1549652230, 1549652217, 1549652210, 1549652180, 1549652145, 1549652116, 1549652035, 1549652012, 1549651980, 1549651912, 1549651893, 1549651884]
[1549651855, 1549651809, 1549651798, 1549651765, 1549651759, 1549651730, 1549651711, 1549651694, 1549651690, 1549651660, 1549651629, 1549651612, 1549651609, 1549651584, 1549651567, 1549651555, 1549651530, 1549651497, 1549651480, 1549651467]
[1549651413, 1549651388, 1549651341, 1549651331, 1549651289, 1549651253, 1549651221, 1549651167, 1549651162, 1549651137, 1549651118, 1549651085, 1549651023, 1549651016, 1549651006, 1549650975, 1549650958, 1549650957, 1549650912, 1549650911]
[1549650871, 1549650858, 1549650779, 1549650728, 1549650701, 1549650669, 1549650661, 1549650654, 1549650606, 1549650590, 1549650542, 1549650515, 1549650500, 1549650428, 1549650414, 1549650397, 1549650373, 1549650352, 1549650338, 1549650323]
[1549650305, 1549650260, 1549649827, 1549649789, 1549649757, 1549649714, 1549649707, 1549649674, 1549649417, 1549649045, 1549648949, 1549648894, 1549648700, 1549648537, 1549648466, 1549648324, 1549648150, 1549648105, 1549647822, 1549647735]
[1549647592, 1549647568, 1549647543, 1549647475, 1549647333, 1549646876, 1549646406, 1549646216, 1549645739, 1549644768, 1549640143, 1549638386, 1549638072, 1549637309, 1549635657, 1549635202, 1549633707, 1549633403, 1549633323, 1549631565]
[1549630458, 1549630347, 1549630238, 1549629152, 1549628922, 1549628865, 1549628834, 1549628512, 1549628238, 1549628074, 1549627662, 1549627278, 1549627133, 1549627031, 1549627021, 1549623356, 1549622043, 1549620642, 1549619505, 1549618709]
[1549618690, 1549618538, 1549618416, 1549617590, 1549616138, 1549615989, 1549615555, 1549615478, 1549612926, 1549611391, 1549606500, 1549604900, 1549601936, 1549597501, 1549596027, 1549595886, 1549595422, 1549594317, 1549593824, 1549592486]
[1549590581, 1549589600, 1549589500, 1549564680, 1549560363, 1549558192, 1549558178, 1549557212, 1549557169, 1549555815, 1549555760, 1549554913, 1549554897, 1549554841, 1549554121, 1549553361, 1549552079, 1549551552, 1549550156, 1549549158]
[1549544710, 1549543244, 1549542810, 1549541975, 1549541048, 1549541010, 1549540996, 1549540808, 1549540773, 1549540676, 1549536652, 1549536176, 1549530302, 1549529175, 1549523949, 1549523491, 1549518383, 1549512401, 1549512377, 1549509600]
[1549508472, 1549506882, 1549506867, 1549506382, 1549506282, 1549482925, 1549475173, 1549472169, 1549471516, 1549471124, 1549470772, 1549470522, 1549470100, 1549469999, 1549469048, 1549468861, 1549468734, 1549467703, 1549466989, 1549466057]
[1549465841, 1549462368, 1549460908, 1549460312, 1549456613, 1549454538, 1549454272, 1549451276, 1549450808, 1549449905, 1549445549, 1549443994, 1549443942, 1549442431, 1549440024, 1549439009, 1549438492, 1549437347, 1549436540, 1549436486]
[1549436448, 1549436435, 1549436428, 1549436423, 1549436416, 1549436389, 1549436385, 1549436381, 1549436376, 1549436351, 1549436272, 1549436208, 1549434831, 1549433205, 1549433201, 1549432165, 1549431919, 1549431240, 1549430944, 1549430709]
[1549430162, 1549429398, 1549429329, 1549426841, 1549426480, 1549425245, 1549425239, 1549424926, 1549424911, 1549424878, 1549424173, 1549423723, 1549422375, 1549421450, 1549421318, 1549419838, 1549419394, 1549419361, 1549419347, 1549419005]
[1549418700, 1549418407, 1549418167, 1549414252, 1549404914, 1549381731, 1549270704, 1549270685, 1549249016, 1549230046, 1549228197, 1549219214, 1549213555, 1549210911, 1549195544, 1549184387, 1549171334, 1549169363, 1549156341, 1549127073]
[1549121083, 1549118181, 1549115532, 1549094539, 1549075136, 1549050706, 1549040575, 1549034671, 1549031571, 1549020940, 1549016055, 1549005082, 1548999137, 1548998846, 1548998189, 1548997553, 1548982907, 1548956911, 1548952301, 1548949193]
[1548947731, 1548944580, 1548931018, 1548928030, 1548925050, 1548921452, 1548920760, 1548912404, 1548910674, 1548909205, 1548908939, 1548908192, 1548907677, 1548900166, 1548897427, 1548896033, 1548876642, 1548876453, 1548871563, 1548865573]
[1548864157, 1548863703, 1548862624, 1548862183, 1548858315, 1548855319, 1548853099, 1548853000, 1548852579, 1548851104, 1548849950, 1548848621, 1548848336, 1548848140, 1548844738, 1548844166, 1548840969, 1548840073, 1548838835, 1548837471]
[1548836787, 1548835598, 1548834005, 1548831601, 1548829396, 1548826611, 1548826265, 1548825889, 1548825101, 1548823841, 1548821733, 1548821483, 1548819154, 1548817147, 1548816988, 1548816897, 1548814463, 1548814454, 1548813547, 1548812679]
[1548812408, 1548808928, 1548808724, 1548808361, 1548808326, 1548807233, 1548807223, 1548805739, 1548805574, 1548791717, 1548791498, 1548784421, 1548783825, 1548783652, 1548782723, 1548782668, 1548782555, 1548782380, 1548782368, 1548782344]
[1548781263, 1548780166, 1548779754, 1548779718, 1548779305, 1548777333, 1548772630, 1548763717, 1548760817, 1548755399, 1548749573, 1548741744, 1548738550, 1548737093, 1548737076, 1548733457, 1548733210, 1548724266, 1548688855, 1548680862]
[1548669628, 1548646709, 1548635078, 1548629470, 1548616851, 1548614692, 1548610886, 1548610088, 1548603010, 1548589545, 1548574742, 1548563978, 1548562245, 1548515055, 1548510888, 1548508199, 1548504035, 1548497422, 1548488164, 1548480945]
[1548439060, 1548434845, 1548431479, 1548430767, 1548430202, 1548429145, 1548429016, 1548424729, 1548424008, 1548418823, 1548418692, 1548411562, 1548396989, 1548393854, 1548390605, 1548387848, 1548383291, 1548382353, 1548381022, 1548379318]
[1548357726, 1548353411, 1548350429, 1548343917, 1548338706, 1548335686, 1548329785, 1548329670, 1548325651, 1548324146, 1548319479, 1548310169, 1548309328, 1548307931, 1548305614, 1548301810, 1548301367, 1548300544, 1548298282, 1548297821]
[1548294258, 1548294228, 1548268108, 1548266388, 1548264632, 1548263019, 1548261696, 1548261563, 1548260694, 1548260118, 1548257479, 1548257400, 1548257025, 1548256981, 1548256653, 1548255804, 1548255703, 1548255592, 1548255540, 1548254660]
[1548254413, 1548254102, 1548251618, 1548251606, 1548250379, 1548249753, 1548249002, 1548246251, 1548239790, 1548238023, 1548237797, 1548237671, 1548236389, 1548235105, 1548234361, 1548233925, 1548233419, 1548232061, 1548231781, 1548230853]
[1548224341, 1548223932, 1548223869, 1548223736, 1548222252, 1548222148, 1548221945, 1548221043, 1548219823, 1548219469, 1548219400, 1548219173, 1548218950, 1548218827, 1548218668, 1548218445, 1548217827, 1548217238, 1548217231, 1548215826]
[1548213302, 1548213130, 1548212411, 1548211970, 1548210931, 1548210887, 1548210361, 1548210097, 1548209684, 1548209571, 1548208731, 1548204654, 1548202773, 1548201361, 1548193337, 1548190669, 1548186924, 1548186864, 1548182194, 1548181136]
[1548180818, 1548179648, 1548178045, 1548177304, 1548176914, 1548176829, 1548176556, 1548176549, 1548176481, 1548176450, 1548176413, 1548176236, 1548176088, 1548175949, 1548175604, 1548175283, 1548175263, 1548174355, 1548173732, 1548173707]
[1548173226, 1548173108, 1548173062, 1548172797, 1548168512, 1548164668, 1548156972, 1548148101, 1548133476, 1548098088, 1548097210, 1548071148, 1548060991, 1548058264, 1548052165, 1548049150, 1548036113, 1547993140, 1547991737, 1547972332]
[1547965659, 1547962411, 1547952949, 1547928710, 1547912380, 1547909235, 1547908753, 1547903701, 1547886842, 1547880791, 1547880481, 1547879734, 1547867009, 1547862309, 1547837110, 1547822496, 1547822416, 1547819691, 1547816037, 1547812321]
[1547789651, 1547775641, 1547774182, 1547774017, 1547751820, 1547747577, 1547743155, 1547737880, 1547732147, 1547725563, 1547724565, 1547722933, 1547720889, 1547717589, 1547714949, 1547702138, 1547700073, 1547700022, 1547698931, 1547697758]
[1547689442, 1547686197, 1547684378, 1547666258, 1547660544, 1547655163, 1547652623, 1547649839, 1547649309, 1547647765, 1547646967, 1547646757, 1547646076, 1547645762, 1547644349, 1547644253, 1547641371, 1547639317, 1547637714, 1547637407]
[1547635498, 1547634365, 1547633535, 1547633024, 1547631957, 1547630669, 1547630607, 1547629926, 1547626981, 1547626461, 1547625349, 1547624880, 1547621831, 1547619076, 1547619075, 1547617676, 1547615609, 1547614844, 1547613687, 1547613666]
[1547613551, 1547612675, 1547611437, 1547611288, 1547609109, 1547604863, 1547604555, 1547603997, 1547601539, 1547600063, 1547599521, 1547599378, 1547598698, 1547596988, 1547596850, 1547596614, 1547596242, 1547595031, 1547575085, 1547574300]
[1547574199, 1547573355, 1547572394, 1547571964, 1547571863, 1547570906, 1547569693, 1547569436, 1547569352, 1547569026, 1547568969, 1547568960, 1547568895, 1547568572, 1547568508, 1547568385, 1547568321, 1547568267, 1547568244, 1547562777]
[1547562611, 1547560421, 1547558584, 1547556457, 1547553380, 1547550679, 1547546300, 1547543183, 1547539111, 1547538107, 1547537261, 1547536660, 1547521342, 1547519717, 1547515961, 1547512321, 1547511730, 1547510628, 1547504023, 1547471124]
[1547457554, 1547444511, 1547441566, 1547436332, 1547435510, 1547433183, 1547414827, 1547388500, 1547379347, 1547361158, 1547357092, 1547355960, 1547354984, 1547354741, 1547336599, 1547327115, 1547320670, 1547320381, 1547311804, 1547306726]
[1547301170, 1547288437, 1547287190, 1547286410, 1547284104, 1547279819, 1547279468, 1547277652, 1547271822, 1547269855, 1547269190, 1547268551, 1547263067, 1547260477, 1547256035, 1547228538, 1547220223, 1547219993, 1547217408, 1547216512]
[1547209897, 1547208022, 1547206401, 1547205643, 1547204767, 1547204444, 1547199461, 1547199412, 1547198699, 1547198666, 1547195210, 1547194662, 1547194636, 1547190952, 1547189931, 1547185140, 1547181629, 1547180726, 1547175775, 1547166800]
[1547151451, 1547148006, 1547137087, 1547134794, 1547133583, 1547132653, 1547132418, 1547132094, 1547130077, 1547128809, 1547125156, 1547124309, 1547124227, 1547120864, 1547120441, 1547119548, 1547113022, 1547111390, 1547111069, 1547106372]
[1547105986, 1547105850, 1547104228, 1547103997, 1547103096, 1547098914, 1547098093, 1547097380, 1547097319, 1547095913, 1547095855, 1547094682, 1547094111, 1547091131, 1547089953, 1547085624, 1547084978, 1547084697, 1547083456, 1547080810]
[1547080785, 1547072660, 1547069933, 1547063137, 1547058632, 1547056648, 1547056525, 1547056396, 1547055122, 1547054315, 1547052663, 1547050978, 1547050940, 1547050781, 1547049974, 1547048999, 1547047949, 1547047921, 1547047864, 1547046978]
[1547046841, 1547046704, 1547046416, 1547044435, 1547043866, 1547043343, 1547042583, 1547042323, 1547041899, 1547040873, 1547040741, 1547040480, 1547038362, 1547038207, 1547037721, 1547037299, 1547036966, 1547036917, 1547036360, 1547036238]
[1547035927, 1547035397, 1547035120, 1547034393, 1547033544, 1547031949, 1547031798, 1547031297, 1547030341, 1547030106, 1547028831, 1547028069, 1547027982, 1547027830, 1547027166, 1547026951, 1547026713, 1547025715, 1547025342, 1547024948]
[1547023972, 1547023844, 1547023728, 1547023337, 1547022836, 1547022827, 1547022659, 1547022628, 1547022552, 1547020083, 1547019244, 1547017924, 1547017485, 1547016402, 1547015557, 1547015534, 1547015287, 1547015148, 1547013468, 1547013293]
[1547013167, 1547012987, 1547012809, 1547012722, 1547012144, 1547012094, 1547011987, 1547011702, 1547011609, 1547011358, 1547011047, 1547010952, 1547010233, 1547009981, 1547009526, 1547008232, 1547008200, 1547007785, 1547007641, 1547007410]
[1547007266, 1547007193, 1547006776, 1547006264, 1547005400, 1547005369, 1547005175, 1547004739, 1547004632, 1547004551, 1547004417, 1547004411, 1547004212, 1547004175, 1547003348, 1547003076, 1547003049, 1547002780, 1547002275, 1547001887]
[1547001312, 1547000493, 1547000406, 1546999604, 1546999238, 1546998954, 1546998790, 1546998518, 1546998386, 1546998239, 1546997718, 1546997608, 1546997459, 1546996948, 1546996306, 1546996203, 1546995544, 1546995378, 1546993867, 1546993791]
[1546993511, 1546992819, 1546990921, 1546990663, 1546990344, 1546990230, 1546990029, 1546989699, 1546989403, 1546989220, 1546989124, 1546988530, 1546987047, 1546986319, 1546984894, 1546984100, 1546982646, 1546982616, 1546975645, 1546974849]
[1546974521, 1546972913, 1546972599, 1546972542, 1546970884, 1546969565, 1546969410, 1546969390, 1546968908, 1546968719, 1546968571, 1546967738, 1546967571, 1546967522, 1546966893, 1546966858, 1546966825, 1546966511, 1546966357, 1546966321]
[1546965796, 1546965503, 1546965290, 1546965212, 1546965125, 1546964903, 1546964835, 1546964773, 1546964699, 1546964691, 1546964628, 1546964558, 1546964407, 1546964292, 1546964222, 1546964186, 1546964164, 1546963981, 1546963976, 1546963933]
[1546963851, 1546963850, 1546963834, 1546963778, 1546963697, 1546963671, 1546963597, 1546963587, 1546963521, 1546962144, 1546960858, 1546957951, 1546957586, 1546950992, 1546949847, 1546949662, 1546946666, 1546944980, 1546939995, 1546937824]
[1546932907, 1546930669, 1546924968, 1546924862, 1546922808, 1546912381, 1546909161, 1546898438, 1546884947, 1546884703, 1546880276, 1546879130, 1546875232, 1546865101, 1546859623, 1546857537, 1546855578, 1546847033, 1546841866, 1546837091]
[1546786459, 1546777675, 1546770403, 1546768577, 1546762511, 1546758414, 1546755260, 1546748091, 1546712017, 1546706337, 1546705147, 1546700547, 1546697676, 1546693747, 1546690676, 1546690163, 1546685730, 1546682315, 1546677451, 1546675196]
[1546673512, 1546672000, 1546671149, 1546665212, 1546662986, 1546662948, 1546661997, 1546660838, 1546658205, 1546657821, 1546650443, 1546626914, 1546626661, 1546626601, 1546626333, 1546625771, 1546618619, 1546615293, 1546611787, 1546611749]
[1546608705, 1546608281, 1546605900, 1546604336, 1546601412, 1546601180, 1546598670, 1546597041, 1546594673, 1546594610, 1546594061, 1546593012, 1546591795, 1546591631, 1546589732, 1546589103, 1546587039, 1546583762, 1546583106, 1546582935]
[1546580384, 1546579393, 1546579317, 1546579152, 1546578586, 1546578544, 1546577735, 1546577406, 1546573421, 1546572438, 1546572200, 1546571924, 1546569680, 1546562912, 1546560858, 1546559431, 1546559332, 1546556017, 1546555691, 1546551360]
[1546544637, 1546543341, 1546543161, 1546540570, 1546540328, 1546537430, 1546537396, 1546537323, 1546537181, 1546536909, 1546535178, 1546532893, 1546532543, 1546530217, 1546529881, 1546529754, 1546529728, 1546529252, 1546529211, 1546528506]
[1546527810, 1546527539, 1546525956, 1546525906, 1546525848, 1546523421, 1546522236, 1546521858, 1546520190, 1546518153, 1546517818, 1546517402, 1546516211, 1546516069, 1546516003, 1546513198, 1546512800, 1546512248, 1546512165, 1546512156]
[1546511063, 1546510387, 1546509538, 1546509400, 1546508911, 1546508820, 1546508637, 1546506012, 1546505337, 1546505232, 1546504769, 1546502865, 1546501789, 1546501015, 1546500172, 1546498401, 1546498397, 1546497565, 1546497179, 1546495855]
[1546495838, 1546493301, 1546492911, 1546492685, 1546492181, 1546491153, 1546491105, 1546491000, 1546490909, 1546490850, 1546490569, 1546490196, 1546490042, 1546489905, 1546489784, 1546489755, 1546489093, 1546488803, 1546487473, 1546486554]
[1546485375, 1546485220, 1546485137, 1546485075, 1546484820, 1546484809, 1546484706, 1546484465, 1546483555, 1546483229, 1546481473, 1546480939, 1546480132, 1546479942, 1546479853, 1546479746, 1546479511, 1546479314, 1546478095, 1546477516]
[1546477452, 1546476716, 1546475983, 1546475767, 1546474645, 1546474151, 1546473113, 1546473090, 1546470778, 1546469420, 1546462571, 1546460969, 1546459120, 1546457398, 1546456967, 1546454002, 1546453745, 1546451677, 1546450549, 1546450065]
[1546449423, 1546449282, 1546449262, 1546449253, 1546448967, 1546448828, 1546448704, 1546448194, 1546448194, 1546447818, 1546447796, 1546447322, 1546447287, 1546447224, 1546447070, 1546446966, 1546446746, 1546446630, 1546446563, 1546446411]
[1546446383, 1546446150, 1546446108, 1546446105, 1546446002, 1546445838, 1546445628, 1546445608, 1546445608, 1546445574, 1546445541, 1546445537, 1546445508, 1546445502, 1546445463, 1546445418, 1546445384, 1546445265, 1546445257, 1546445101]
[1546445043, 1546444776, 1546443394, 1546443384, 1546443240, 1546443229, 1546443200, 1546441637, 1546440829, 1546440307, 1546436662, 1546434812, 1546433735, 1546433261, 1546433069, 1546432298, 1546431129, 1546431126, 1546431114, 1546430708]
[1546430328, 1546429736, 1546428363, 1546428179, 1546427338, 1546427085, 1546427028, 1546426778, 1546426553, 1546426382, 1546426284, 1546425752, 1546423750, 1546423058, 1546422946, 1546421912, 1546420462, 1546417789, 1546417026, 1546416311]
[1546415800, 1546413229, 1546410346, 1546407955, 1546407323, 1546406946, 1546406153, 1546405819, 1546405179, 1546405040, 1546405017, 1546404966, 1546404362, 1546404173, 1546403964, 1546403185, 1546403133, 1546402008, 1546401332, 1546400236]
[1546399090, 1546398377, 1546398347, 1546398011, 1546397323, 1546397192, 1546397043, 1546396947, 1546396364, 1546395600, 1546394820, 1546394338, 1546394135, 1546393975, 1546393162, 1546392958, 1546392817, 1546392792, 1546391051, 1546390122]
[1546388477, 1546388366, 1546388033, 1546385081, 1546382737, 1546382720, 1546382571, 1546377876, 1546376116, 1546370046, 1546369205, 1546367632, 1546366695, 1546366111, 1546365343, 1546363560, 1546363194, 1546362092, 1546362056, 1546361706]
[1546361681, 1546361377, 1546361217, 1546360276, 1546359489, 1546359467, 1546359312, 1546359206, 1546359076, 1546358772, 1546358760, 1546358706, 1546358476, 1546358457, 1546357965, 1546357489, 1546356989, 1546356604, 1546354742, 1546354543]
[1546353222, 1546353134, 1546352342, 1546351959, 1546350676, 1546350345, 1546349596, 1546349068, 1546347527, 1546347407, 1546347374, 1546346953, 1546346605, 1546346442, 1546346414, 1546345833, 1546342425, 1546341536, 1546339702, 1546337153]
[1546336362, 1546336344, 1546335910, 1546335891, 1546335009, 1546334933, 1546334450, 1546334449, 1546333954, 1546331807, 1546328849, 1546328429, 1546328418, 1546328098, 1546326723, 1546324483, 1546323589, 1546323236, 1546323110, 1546322019]
[1546320903, 1546318900, 1546318625, 1546318570, 1546318444, 1546318077, 1546316697, 1546316605, 1546316286, 1546316248, 1546316124, 1546315470, 1546315276, 1546314363, 1546313506, 1546313292, 1546313088, 1546312560, 1546312371, 1546312084]
[1546312050, 1546311381, 1546311117, 1546310379, 1546310253, 1546310150, 1546309630, 1546309439, 1546309215, 1546308983, 1546308123, 1546307886, 1546307830, 1546307230, 1546305317, 1546305272, 1546305017, 1546304725, 1546303436, 1546303022]
[1546300202, 1546299984, 1546299978, 1546299973, 1546299968, 1546299955, 1546299465, 1546298791, 1546295108, 1546293599, 1546288344, 1546288168, 1546282680, 1546281917, 1546279274, 1546279111, 1546278251, 1546276123, 1546275923, 1546275851]
[1546275585, 1546275379, 1546275342, 1546274713, 1546274259, 1546273833, 1546273724, 1546273620, 1546273525, 1546273513, 1546273380, 1546273090, 1546272909, 1546272718, 1546272708, 1546272555, 1546272478, 1546272431, 1546272332, 1546272325]
[1546272197, 1546272139, 1546272124, 1546272049, 1546272019, 1546270925, 1546265930, 1546264793, 1546263814, 1546261756, 1546261586, 1546256949, 1546253412, 1546252332, 1546251575, 1546251497, 1546249883, 1546246249, 1546244941, 1546244177]
[1546237967, 1546237060, 1546236338, 1546234795, 1546229766, 1546228318, 1546227365, 1546222701, 1546213361, 1546193439, 1546192220, 1546186702, 1546180743, 1546177334, 1546177002, 1546173910, 1546173763, 1546171259, 1546169027, 1546165138]
[1546164322, 1546161974, 1546157191, 1546145679, 1546139774, 1546138376, 1546137177, 1546135438, 1546127523, 1546107767, 1546103592, 1546101701, 1546099493, 1546093966, 1546092562, 1546087891, 1546080063, 1546072004, 1546066085, 1546064664]
[1546060025, 1546059960, 1546058690, 1546058065, 1546056986, 1546055714, 1546053335, 1546052081, 1546050557, 1546050369, 1546046580, 1546045423, 1546045398, 1546039997, 1546016636, 1546016345, 1546011050, 1546007397, 1546006677, 1546006022]
[1546005369, 1546004115, 1546002792, 1546001954, 1545999056, 1545998106, 1545997980, 1545997311, 1545997144, 1545996313, 1545995981, 1545994902, 1545994749, 1545993225, 1545993187, 1545992439, 1545992057, 1545991822, 1545991574, 1545991234]
[1545991220, 1545991026, 1545990814, 1545990738, 1545990516, 1545990363, 1545990184, 1545989330, 1545989243, 1545989237, 1545989188, 1545988338, 1545986519, 1545981223, 1545979300, 1545978730, 1545978459, 1545978092, 1545973629, 1545971916]
[1545967903, 1545967375, 1545961915, 1545961544, 1545952265, 1545931299, 1545930709, 1545928075, 1545925871, 1545925754, 1545925740, 1545925180, 1545924658, 1545922018, 1545919747, 1545917050, 1545915337, 1545911522, 1545911304, 1545910567]
[1545910462, 1545909503, 1545908882, 1545908613, 1545908546, 1545908220, 1545907982, 1545907249, 1545907179, 1545906364, 1545906082, 1545904403, 1545903908, 1545902916, 1545902879, 1545900097, 1545899892, 1545899541, 1545899333, 1545898366]
[1545897702, 1545894259, 1545893072, 1545892221, 1545891248, 1545891124, 1545889421, 1545889417, 1545889184, 1545888909, 1545887412, 1545886671, 1545886629, 1545886371, 1545879013, 1545875303, 1545874952, 1545874841, 1545871034, 1545870856]
[1545870087, 1545865064, 1545849492, 1545842533, 1545842125, 1545841055, 1545840268, 1545839766, 1545839311, 1545837150, 1545836432, 1545834776, 1545834217, 1545831599, 1545830923, 1545830837, 1545829808, 1545829590, 1545827557, 1545826854]
[1545826624, 1545824658, 1545824221, 1545824089, 1545823848, 1545823550, 1545823153, 1545823131, 1545821789, 1545820846, 1545819806, 1545819485, 1545819249, 1545818953, 1545818109, 1545816248, 1545816128, 1545815823, 1545815649, 1545815154]
[1545814877, 1545814820, 1545814471, 1545814151, 1545813697, 1545813605, 1545813503, 1545813316, 1545812320, 1545811135, 1545810166, 1545809469, 1545808803, 1545808671, 1545807629, 1545807542, 1545806608, 1545806598, 1545804540, 1545804302]
[1545804297, 1545804073, 1545804041, 1545803922, 1545803904, 1545803864, 1545803426, 1545803297, 1545803226, 1545802567, 1545802558, 1545802500, 1545802490, 1545802397, 1545802304, 1545802304, 1545802138, 1545801803, 1545801706, 1545801676]
[1545801576, 1545801475, 1545801275, 1545801189, 1545801186, 1545801099, 1545801019, 1545800894, 1545800864, 1545800844, 1545800837, 1545800820, 1545800809, 1545800798, 1545800797, 1545800752, 1545800751, 1545800658, 1545800656, 1545800651]
[1545800633, 1545800621, 1545800600, 1545800589, 1545800498, 1545800457, 1545800333, 1545800217, 1545800143, 1545800053, 1545799859, 1545799849, 1545799833, 1545799728, 1545799672, 1545799659, 1545799651, 1545799643, 1545799629, 1545799593]
[1545799349, 1545799348, 1545799317, 1545799307, 1545799274, 1545799256, 1545799206]
