[1557331109, 1557329588, 1557328960, 1557328637, 1557327574, 1557312879, 1557311460, 1557307259, 1557301519, 1557301485, 1557298669, 1557289271, 1557288727, 1557288234, 1557286742, 1557285030, 1557280840, 1557280177, 1557276575, 1557272647]
[1557254266, 1557251230, 1557250670, 1557249793, 1557249653, 1557249101, 1557248457, 1557248004, 1557246100, 1557244896, 1557243725, 1557243243, 1557243101, 1557241737, 1557241648, 1557240400, 1557240249, 1557240185, 1557239435, 1557238494]
[1557237852, 1557237510, 1557237502, 1557237190, 1557237023, 1557237016, 1557236569, 1557236399, 1557236056, 1557235202, 1557231625, 1557231563, 1557230418, 1557229492, 1557229479, 1557228646, 1557227015, 1557226995, 1557226320, 1557226091]
[1557225253, 1557224602, 1557224052, 1557224030, 1557223872, 1557223219, 1557221757, 1557221473, 1557221154, 1557220377, 1557219087, 1557218482, 1557217305, 1557216113, 1557216023, 1557211883, 1557211239, 1557207747, 1557206414, 1557205711]
[1557204904, 1557204823, 1557204701, 1557203795, 1557203560, 1557202776, 1557202539, 1557202512, 1557201985, 1557201759, 1557201546, 1557200851, 1557199641, 1557198944, 1557198710, 1557197967, 1557197771, 1557197748, 1557197744, 1557197114]
[1557197037, 1557196780, 1557196635, 1557196546, 1557196346, 1557195721, 1557195671, 1557195585, 1557195522, 1557195426, 1557195269, 1557194931, 1557194131, 1557193804, 1557193598, 1557192686, 1557191369, 1557190830, 1557190806, 1557190704]
[1557190659, 1557190619, 1557190197, 1557189149, 1557188392, 1557188389, 1557188322, 1557187685, 1557187232, 1557187123, 1557187003, 1557186625, 1557186272, 1557186116, 1557186034, 1557185502, 1557185152, 1557184983, 1557184975, 1557184886]
[1557184804, 1557184364, 1557184044, 1557183739, 1557183622, 1557183129, 1557181536, 1557180958, 1557180851, 1557179757, 1557179617, 1557179385, 1557178678, 1557178458, 1557177371, 1557174918, 1557172667, 1557172659, 1557171581, 1557171418]
[1557171230, 1557168706, 1557166208, 1557165769, 1557164859, 1557163375, 1557163329, 1557163141, 1557162982, 1557162702, 1557162138, 1557161941, 1557161767, 1557161566, 1557161458, 1557161411, 1557161152, 1557161017, 1557160599, 1557160591]
[1557160478, 1557160276, 1557160127, 1557160104, 1557160065, 1557159953, 1557159710, 1557159710, 1557159681, 1557159567, 1557159526, 1557159491, 1557159480, 1557159475, 1557159463, 1557159463, 1557159267, 1557159255, 1557159224, 1557159199]
[1557159161, 1557159151, 1557159150, 1557159072, 1557159034, 1557158842, 1557158832, 1557158766, 1557158747, 1557158707, 1557158697, 1557158644, 1557158601, 1557158573, 1557158557, 1557158526, 1557158496, 1557158447, 1557158424, 1557158395]
[1557150949, 1557145438, 1557113123, 1557106682, 1557100508, 1557079493, 1557072737, 1557053482, 1557037808, 1557034813, 1557021237, 1557020737, 1557016325, 1556981983, 1556977521, 1556967090, 1556962020, 1556937925, 1556935600, 1556932347]
[1556890361, 1556883667, 1556878175, 1556870591, 1556844796, 1556816755, 1556809556, 1556807449, 1556799069, 1556788855, 1556737442, 1556734300, 1556728128, 1556703101, 1556700579, 1556673397, 1556643383, 1556639478, 1556617229, 1556544712]
[1556527388, 1556458231, 1556453632, 1556428740, 1556427802, 1556426962, 1556423036, 1556414171, 1556380289, 1556379379, 1556379279, 1556373609, 1556364528, 1556337242, 1556326670, 1556322508, 1556305793, 1556301363, 1556285763, 1556279377]
[1556270721, 1556260420, 1556246844, 1556237471, 1556179502, 1556178626, 1556168204, 1556151073, 1556124991, 1556123725, 1556120999, 1556118007, 1556111875, 1556103944, 1556102469, 1556099906, 1556098167, 1556098108, 1556095199, 1556091881]
[1556086399, 1556086124, 1556023712, 1556013667, 1556006886, 1555950533, 1555946848, 1555944601, 1555942923, 1555942834, 1555938383, 1555934008, 1555923798, 1555900427, 1555897561, 1555892869, 1555871522, 1555844729, 1555844380, 1555842746]
[1555841096, 1555840297, 1555830952, 1555830392, 1555820576, 1555815780, 1555815743, 1555813503, 1555803382, 1555783408, 1555777248, 1555762024, 1555760149, 1555751276, 1555746027, 1555731834, 1555729709, 1555729587, 1555702588, 1555702497]
[1555684493, 1555677369, 1555652754, 1555650715, 1555645712, 1555643571, 1555617112, 1555605441, 1555604745, 1555599937, 1555590908, 1555589467, 1555580033, 1555579575, 1555564623, 1555563355, 1555553876, 1555552726, 1555507985, 1555505128]
[1555494369, 1555493716, 1555492355, 1555486383, 1555485238, 1555483979, 1555478743, 1555476788, 1555471520, 1555468100, 1555431574, 1555428633, 1555420280, 1555415423, 1555413744, 1555403068, 1555387790, 1555387129, 1555382487, 1555377955]
[1555377186, 1555375722, 1555346780, 1555341179, 1555339286, 1555338227, 1555333915, 1555329877, 1555327099, 1555320777, 1555318401, 1555314935, 1555308481, 1555304616, 1555303385, 1555292974, 1555290183, 1555272430, 1555245277, 1555232171]
[1555216433, 1555211110, 1555187506, 1555180018, 1555179957, 1555151434, 1555140402, 1555132393, 1555119350, 1555080188, 1555080162, 1555074673, 1555062096, 1555038756, 1555001632, 1554997482, 1554990377, 1554979048, 1554973333, 1554945766]
[1554942943, 1554912383, 1554911631, 1554886965, 1554866192, 1554820190, 1554817842, 1554809460, 1554786409, 1554779010, 1554731856, 1554715150, 1554669546, 1554646933, 1554639757, 1554575477, 1554549663, 1554515662, 1554498724, 1554483396]
[1554482637, 1554459884, 1554454427, 1554385122, 1554368901, 1554367513, 1554363915, 1554355726, 1554261414, 1554230429, 1554198637, 1554192631, 1554169030, 1554157914, 1554134131, 1554130765, 1554101125, 1554101075, 1554075824, 1554044997]
[1554044165, 1554041818, 1554039109, 1554020240, 1554007580, 1554004392, 1554004026, 1553969604, 1553956661, 1553886053, 1553872085, 1553820371, 1553793132, 1553767410, 1553761362, 1553736978, 1553611400, 1553610659, 1553610244, 1553600718]
[1553592130, 1553591687, 1553515796, 1553508513, 1553406686, 1553357640, 1553347517, 1553320379, 1553269783, 1553258510, 1553225025, 1553217671, 1553183779, 1553182070, 1553177148, 1553174936, 1553142739, 1553141143, 1553124357, 1553101072]
[1553100361, 1553095076, 1553094119, 1553086251, 1553076397, 1553073572, 1553073139, 1553065303, 1553012458, 1553010900, 1553010539, 1553007569, 1552986734, 1552974834, 1552932681, 1552926160, 1552917389, 1552752472, 1552734204, 1552733098]
[1552732891, 1552708798, 1552708744, 1552708710, 1552672562, 1552667763, 1552659786, 1552656502, 1552656354, 1552635244, 1552634959, 1552632560, 1552619880, 1552617529, 1552582516, 1552575682, 1552547761, 1552545996, 1552529542, 1552460521]
[1552443847, 1552405976, 1552398711, 1552369125, 1552367460, 1552366527, 1552352947, 1552314128, 1552304177, 1552304139, 1552303658, 1552288673, 1552281601, 1552235185, 1552228851, 1552212381, 1552204673, 1552182549, 1552150391, 1552150211]
[1552144735, 1552137339, 1552126562, 1552125315, 1552124824, 1552123824, 1552116987, 1552116417, 1552115466, 1552111200, 1552108917, 1552101909, 1552065858, 1552059661, 1552057607, 1552054234, 1552020469, 1551982532, 1551972062, 1551966108]
[1551959876, 1551936749, 1551933404, 1551929417, 1551922172, 1551886751, 1551867146, 1551862246, 1551857485, 1551819286, 1551803814, 1551697721, 1551697077, 1551670083, 1551669705, 1551629379, 1551629327, 1551629210, 1551623796, 1551623680]
[1551620108, 1551603644, 1551592421, 1551591072, 1551588053, 1551587269, 1551545556, 1551530039, 1551512702, 1551460175, 1551456765, 1551456450, 1551455546, 1551455330, 1551436927, 1551365023, 1551364403, 1551356982, 1551355607, 1551349407]
[1551329025, 1551323110, 1551321173, 1551282252, 1551281390, 1551267831, 1551242469, 1551235306, 1551232724, 1551198672, 1551189269, 1551182465, 1551179371, 1551172669, 1551150598, 1551111098, 1551092356, 1551091545, 1551085650, 1551085510]
[1551055099, 1551023861, 1551009780, 1551006440, 1550998464, 1550998314, 1550989165, 1550986445, 1550985693, 1550940445, 1550931141, 1550928549, 1550926913, 1550912705, 1550910549, 1550899022, 1550885869, 1550858527, 1550849958, 1550848577]
[1550841602, 1550820978, 1550772288, 1550767337, 1550766925, 1550732031, 1550719495, 1550713113, 1550711644, 1550683802, 1550681888, 1550679016, 1550648360, 1550642260, 1550640453, 1550639691, 1550638593, 1550634065, 1550633152, 1550631685]
[1550588496, 1550588144, 1550575283, 1550534909, 1550532534, 1550522122, 1550508953, 1550508932, 1550507310, 1550502447, 1550501543, 1550496687, 1550489598, 1550480421, 1550469909, 1550425416, 1550423345, 1550410619, 1550410134, 1550404181]
[1550399504, 1550397404, 1550396605, 1550389730, 1550388373, 1550373907, 1550344829, 1550340639, 1550340554, 1550332726, 1550326006, 1550318194, 1550318089, 1550313173, 1550286999, 1550286012, 1550275588, 1550271767, 1550252195, 1550251251]
[1550244364, 1550243639, 1550241221, 1550240666, 1550234413, 1550225043, 1550223842, 1550223719, 1550216801, 1550210768, 1550210760, 1550209510, 1550203897, 1550203329, 1550203054, 1550196740, 1550168074, 1550160781, 1550160193, 1550159883]
[1550158054, 1550157640, 1550156588, 1550151973, 1550151839, 1550150709, 1550150449, 1550148752, 1550144505, 1550143809, 1550142967, 1550140686, 1550139493, 1550129569, 1550129135, 1550125662, 1550123586, 1550121005, 1550119139, 1550117611]
[1550116806, 1550116141, 1550113867, 1550103770, 1550085413, 1550079805, 1550079745, 1550072232, 1550070400, 1550067488, 1550067268, 1550060697, 1550060626, 1550052389, 1550051551, 1550046588, 1550034970, 1550032113, 1549994053, 1549989187]
[1549987468, 1549984446, 1549980712, 1549972447, 1549970135, 1549966407, 1549965945, 1549951303, 1549941483, 1549938039, 1549892144, 1549888348, 1549887469, 1549885026, 1549884711, 1549874275, 1549873665, 1549862656, 1549853470, 1549851390]
[1549822465, 1549816503, 1549813307, 1549811604, 1549811016, 1549807985, 1549802975, 1549796248, 1549793097, 1549786150, 1549777630, 1549777618, 1549742463, 1549728616, 1549725873, 1549713754, 1549708584, 1549696213, 1549695215, 1549683666]
[1549683322, 1549680680, 1549651391, 1549642691, 1549640865, 1549638563, 1549624984, 1549622451, 1549611101, 1549560328, 1549552865, 1549551126, 1549544944, 1549544904, 1549535943, 1549535488, 1549535086, 1549527725, 1549525363, 1549518526]
[1549500229, 1549450025, 1549382627, 1549381993, 1549377635, 1549376726, 1549375617, 1549374547, 1549369544, 1549366531, 1549366128, 1549364464, 1549354226, 1549345992, 1549344657, 1549337364, 1549300795, 1549292648, 1549289630, 1549286326]
[1549276938, 1549274118, 1549269131, 1549261569, 1549260927, 1549260365, 1549259808, 1549255132, 1549250528, 1549244655, 1549244289, 1549243426, 1549224811, 1549219963, 1549218192, 1549212524, 1549205891, 1549204552, 1549204040, 1549203001]
[1549202684, 1549200996, 1549198488, 1549197025, 1549189255, 1549182203, 1549179913, 1549179554, 1549175198, 1549174255, 1549172399, 1549169550, 1549166884, 1549166834, 1549161510, 1549129487, 1549119479, 1549118654, 1549117760, 1549116067]
[1549090984, 1549077941, 1549073007, 1549040037, 1549039183, 1549037929, 1549033256, 1549013400, 1549007957, 1548997511, 1548983423, 1548948204, 1548946338, 1548925301, 1548902919, 1548895781, 1548865600, 1548813313, 1548689155, 1548668283]
[1548662492, 1548651703, 1548614746, 1548597609, 1548593672, 1548582381, 1548512858, 1548500049, 1548494323, 1548485167, 1548481461, 1548441945, 1548441206, 1548418268, 1548401310, 1548350646, 1548321933, 1548238053, 1548234829, 1548182366]
[1548172133, 1548171162, 1548160144, 1548144694, 1548074215, 1548066920, 1547993601, 1547990815, 1547987028, 1547970421, 1547961095, 1547894723, 1547831291, 1547803057, 1547799998, 1547792094, 1547787642, 1547745572, 1547737229, 1547701136]
[1547646819, 1547638381, 1547631980, 1547624601, 1547568835, 1547567498, 1547546383, 1547544156, 1547533835, 1547489556, 1547486067, 1547480813, 1547473605, 1547447109, 1547441537, 1547433702, 1547371907, 1547364425, 1547355750, 1547355644]
[1547352939, 1547307897, 1547288523, 1547273930, 1547212623, 1547211482, 1547211396, 1547204333, 1547199615, 1547194671, 1547131905, 1547128464, 1547126880, 1547125342, 1547121768, 1547118324, 1547104308, 1547057309, 1547044943, 1547029119]
[1547016017, 1546967896, 1546949537, 1546943823, 1546938149, 1546930102, 1546874954, 1546869072, 1546860700, 1546858205, 1546793665, 1546755613, 1546752378, 1546748509, 1546742550, 1546739996, 1546738350, 1546709302, 1546704937, 1546704100]
[1546703388, 1546674572, 1546657249, 1546654901, 1546594902, 1546541281, 1546527761, 1546516154, 1546514813, 1546491471, 1546490524, 1546488310, 1546477535, 1546440512, 1546436535, 1546431664, 1546426632, 1546413702, 1546370122, 1546366495]
[1546362196, 1546361089, 1546358241, 1546357143, 1546350637, 1546346753, 1546334626, 1546332297, 1546314625, 1546312161, 1546281508, 1546261073, 1546252612, 1546249780, 1546233499, 1546230177, 1546222855, 1546202554, 1546184101, 1546184066]
[1546176730, 1546176255, 1546176237, 1546176009, 1546166347, 1546165621, 1546146408, 1546091514, 1546085261, 1546072897, 1546072891, 1546059479, 1545986150, 1545973628, 1545970000, 1545902950, 1545885462, 1545839882, 1545838818, 1545821710]
[1545820176, 1545794933, 1545752409, 1545670094, 1545657619, 1545651077, 1545626956, 1545624423, 1545577804, 1545570499, 1545412679, 1545409138, 1545388224, 1545380827, 1545326498, 1545265714, 1545225240, 1545196008, 1545189779, 1545147138]
[1545061444, 1545015758, 1544967020, 1544934099, 1544889672, 1544859068, 1544855154, 1544802654, 1544775796, 1544719065, 1544716221, 1544675518, 1544633823, 1544631093, 1544603324, 1544602451, 1544581384, 1544576147, 1544544550, 1544463527]
[1544447433, 1544447256, 1544439637, 1544415758, 1544414970, 1544364541, 1544336664, 1544277304, 1544259512, 1544237479, 1544182706, 1544176263, 1544170739, 1544168634, 1544115015, 1544114306, 1544114270, 1544102373, 1544060791, 1544027628]
[1544011863, 1543983753, 1543947631, 1543916729, 1543887378, 1543883990, 1543883383, 1543849379, 1543847036, 1543840504, 1543831739, 1543828346, 1543826166, 1543821542, 1543762814, 1543759448, 1543758745, 1543674672, 1543667821, 1543651004]
[1543648144, 1543645212, 1543619883, 1543595573, 1543586891, 1543579663, 1543545178, 1543492159, 1543471364, 1543460249, 1543418876, 1543418811, 1543411128, 1543410439, 1543402544, 1543401807, 1543371856, 1543352494, 1543332727, 1543331534]
[1543323161, 1543322566, 1543319948, 1543316162, 1543314777, 1543311063, 1543310268, 1543308110, 1543253287, 1543251281, 1543245898, 1543208319, 1543198335, 1543170487, 1543162190, 1543161089, 1543144941, 1543134449, 1543133526, 1543131595]
[1543130701, 1543129545, 1543125042, 1543120627, 1543107071, 1543055989, 1543053563, 1543047882, 1543043163, 1542990555, 1542970760, 1542953175, 1542947174, 1542940387, 1542911303, 1542889182, 1542883224, 1542863035, 1542814671, 1542786740]
[1542736812, 1542683136, 1542630523, 1542629571, 1542601134, 1542597840, 1542570232, 1542560392, 1542533996, 1542533943, 1542520350, 1542511975, 1542497178, 1542470327, 1542459670, 1542450375, 1542437547, 1542430246, 1542426839, 1542399624]
[1542389833, 1542370073, 1542350681, 1542350439, 1542339437, 1542337908, 1542321911, 1542288355, 1542286755, 1542280648, 1542272718, 1542271537, 1542260255, 1542253478, 1542244521, 1542212332, 1542212122, 1542195229, 1542178389, 1542169192]
[1542167016, 1542165499, 1542164803, 1542158525, 1542158435, 1542157833, 1542156100, 1542148487, 1542128000, 1542125069, 1542123745, 1542121274, 1542121169, 1542121115, 1542120899, 1542120609, 1542120030, 1542119273, 1542118572, 1542117280]
[1542115924, 1542114416, 1542111449, 1542109781, 1542108905, 1542106052, 1542105590, 1542104624, 1542104341, 1542104155, 1542103783, 1542102630, 1542102374, 1542102363, 1542101748, 1542100829, 1542100736, 1542100268, 1542098618, 1542098542]
[1542097936, 1542097905, 1542097710, 1542097554, 1542097192, 1542097020, 1542096660, 1542096603, 1542096173, 1542094005, 1542093614, 1542093002, 1542092566, 1542092463, 1542091699, 1542091132, 1542091037, 1542086939, 1542082433, 1542081189]
[1542075036, 1542072975, 1542072637, 1542069797, 1542064281, 1542041835, 1542039682, 1542038796, 1542038321, 1542038126, 1542028008, 1542022066, 1542019234, 1542017909, 1542017149, 1542016782, 1542016547, 1542016356, 1542015375, 1542012808]
[1542012644, 1542010910, 1542009638]
