[1557286340, 1557283676, 1557231943, 1557224587, 1557222666, 1557197952, 1557189221, 1557165475, 1557162401, 1557150657, 1557141893, 1557125338, 1557119172, 1557116053, 1557070209, 1557062364, 1557042461, 1557040866, 1557035425, 1557033065, 1553822312]
[1557031757, 1557030810, 1557027490, 1557022884, 1557022677, 1557022511, 1556945263, 1556936813, 1556874365, 1556872429, 1556861973, 1556851327, 1556815704, 1556815486, 1556815372, 1556804526, 1556798692, 1556780651, 1556775016, 1556719324, 1553822312]
[1556657904, 1556643210, 1556632952, 1556624391, 1556600210, 1556548039, 1556536500, 1556526655, 1556521735, 1556518061, 1556511026, 1556471861, 1556469197, 1556461093, 1556458914, 1556446851, 1556442023, 1556441836, 1556430436, 1556426825, 1553822312]
[1556420042, 1556418809, 1556418623, 1556418448, 1556408255, 1556297998, 1556295475, 1556290845, 1556279160, 1556278350, 1556259331, 1556254586, 1556244687, 1556244388, 1556207327, 1556201433, 1556195680, 1556195236, 1556171975, 1556163598, 1553822312]
[1556081347, 1556045706, 1555991550, 1555947476, 1555919984, 1555911164, 1555899963, 1555899237, 1555868388, 1555856076, 1555856013, 1555840880, 1555830945, 1555824962, 1555824307, 1555823411, 1555816131, 1555815481, 1555755509, 1555737654, 1553822312]
[1555736678, 1555680672, 1555650935, 1555597619, 1555569770, 1555558639, 1555553783, 1555505174, 1555401789, 1555400502, 1555398929, 1555348544, 1555341567, 1555339629, 1555335085, 1555330592, 1555324257, 1555261891, 1555247045, 1555235457, 1553822312]
[1555221290, 1555217138, 1555214391, 1555207848, 1555207714, 1555195893, 1555171069, 1555168168, 1555161013, 1555159327, 1555147901, 1555131193, 1555129429, 1555125814, 1555112825, 1555092185, 1555076610, 1555069303, 1555057939, 1555029676, 1553822312]
[1555026323, 1555011441, 1555005042, 1554989629, 1554980283, 1554979305, 1554975830, 1554914676, 1554728363, 1554698329, 1554680506, 1554622932, 1554621673, 1554609312, 1554602683, 1554601706, 1554588668, 1554573089, 1554529750, 1554521325, 1553822312]
[1554512191, 1554492714, 1554482885, 1554478262, 1554456885, 1554394385, 1554379329, 1554376472, 1554375111, 1554374972, 1554367703, 1554353456, 1554349009, 1554344222, 1554314467, 1554292759, 1554222938, 1554129868, 1554128804, 1554118360, 1553822312]
[1554111088, 1554100172, 1554093590, 1554082751, 1554048050, 1554047951, 1554046146, 1554040307, 1554015200, 1554007557, 1554006593, 1554005442, 1554004996, 1554004896, 1554003157, 1554001314, 1554000983, 1554000526, 1554000235, 1553997993, 1553822312]
[1553951513, 1553922262, 1553873002, 1553870595, 1553870445, 1553870222, 1553851386, 1553847763, 1553825063, 1553822312, 1553822107, 1553821658, 1553818564, 1553818416, 1553818170, 1553799707, 1553797226, 1553797178, 1553797112, 1553790632, 1553822312]
[1553786207, 1553785753, 1553785698, 1553783293, 1553773795, 1553770750, 1553768425, 1553767824, 1553766962, 1553759461, 1553758768, 1553757967, 1553752588, 1553751970, 1553750774, 1553749949, 1553747532, 1553746730, 1553745910, 1553745828, 1553822312]
[1553745503, 1553745248, 1553744654, 1553744591, 1553744135, 1553743074, 1553742690, 1553742354, 1553742201, 1553738982, 1553738844, 1553738781, 1553704616, 1553663087, 1553612006, 1553597227, 1553583009, 1553577059, 1553493162, 1553492185, 1553822312]
[1553482668, 1553480246, 1553473398, 1553443628, 1553428344, 1553409809, 1553408582, 1553404650, 1553400147, 1553398793, 1553398783, 1553398593, 1553396971, 1553395915, 1553395583, 1553394266, 1553394024, 1553393640, 1553393503, 1553391455, 1553822312]
[1553359407, 1553355034, 1553314511, 1553282110, 1553279714, 1553267315, 1553252322, 1553233841, 1553217567, 1553216888, 1553183388, 1553180194, 1553172557, 1553170257, 1553168143, 1553165202, 1553161429, 1553148555, 1553147666, 1553147477, 1553822312]
[1553146196, 1553145836, 1553144187, 1553143534, 1553143421, 1553142017, 1553141107, 1553140901, 1553138114, 1553135981, 1553134683, 1553113667, 1553110021, 1553081169, 1553003769, 1552997306, 1552994914, 1552961470, 1552933651, 1552925605, 1553822312]
[1552923430, 1552916462, 1552915486, 1552912648, 1552886075, 1552881998, 1552864666, 1552846194, 1552843933, 1552840277, 1552839768, 1552838978, 1552838235, 1552837993, 1552837501, 1552832238, 1552831445, 1552831412, 1552830688, 1552829536, 1553822312]
[1552826994, 1552825054, 1552821467, 1552819626, 1552812908, 1552812174, 1552811314, 1552810691, 1552809824, 1552809488, 1552805648, 1552801312, 1552796900, 1552796382, 1552795398, 1552794422, 1552792477, 1552790121, 1552789468, 1552789061, 1553822312]
[1552747712, 1552746162, 1552736449, 1552734075, 1552715208, 1552697981, 1552697624, 1552669366, 1552664099, 1552648964, 1552648224, 1552646845, 1552643322, 1552632506, 1552622582, 1552615872, 1552614675, 1552610619, 1552604296, 1552589821, 1553822312]
[1552579526, 1552578567, 1552578452, 1552577494, 1552572258, 1552570892, 1552570368, 1552568171, 1552568126, 1552567979, 1552564017, 1552563365, 1552559809, 1552558012, 1552557395, 1552554779, 1552554291, 1552553603, 1552552253, 1552551949, 1553822312]
[1552551566, 1552550141, 1552550133, 1552547970, 1552546491, 1552545806, 1552545652, 1552541474, 1552541371, 1552541143, 1552540193, 1552539354, 1552537660, 1552536603, 1552534470, 1552534138, 1552534111, 1552533901, 1552533810, 1552533616, 1553822312]
[1552531552, 1552529229, 1552499128, 1552494447, 1552488854, 1552484229, 1552464694, 1552464640, 1552462226, 1552455124, 1552454924, 1552432613, 1552415045, 1552380560, 1552375383, 1552375320, 1552350180, 1552328853, 1552318512, 1552315226, 1553822312]
[1552314357, 1552308701, 1552308593, 1552294740, 1552292003, 1552281635, 1552280762, 1552278994, 1552233753, 1552232938, 1552231140, 1552228970, 1552217264, 1552212880, 1552209992, 1552209545, 1552202841, 1552202797, 1552201137, 1552199727, 1553822312]
[1552199553, 1552198929, 1552196623, 1552191651, 1552189823, 1552188625, 1552184515, 1552184222, 1552183685, 1552181306, 1552137012, 1552131304, 1552126567, 1552115057, 1552107485, 1552103067, 1552101644, 1552044150, 1552040036, 1552039356, 1553822312]
[1552025861, 1552024772, 1552015110, 1552013909, 1552007128, 1552001329, 1551989733, 1551987663, 1551985247, 1551979538, 1551978979, 1551975849, 1551975097, 1551970493, 1551970478, 1551969538, 1551967802, 1551962897, 1551958246, 1551955545, 1553822312]
[1551954184, 1551952187, 1551951673, 1551951346, 1551950599, 1551946791, 1551945434, 1551942854, 1551941860, 1551940193, 1551936341, 1551935171, 1551932952, 1551932761, 1551930749, 1551924249, 1551924208, 1551844739, 1551834229, 1551808869, 1553822312]
[1551807257, 1551803670, 1551799960, 1551795477, 1551774789, 1551750764, 1551716803, 1551706948, 1551706457, 1551704777, 1551677047, 1551670595, 1551667082, 1551660290, 1551634106, 1551616232, 1551615867, 1551606465, 1551606023, 1551598061, 1553822312]
[1551589388, 1551586316, 1551585253, 1551585222, 1551584164, 1551583605, 1551582256, 1551580660, 1551579639, 1551579380, 1551545802, 1551533387, 1551518806, 1551517015, 1551514801, 1551509054, 1551506835, 1551503399, 1551501100, 1551498803, 1553822312]
[1551496784, 1551459505, 1551458446, 1551455501, 1551455444, 1551454713, 1551452199, 1551447879, 1551440188, 1551439141, 1551437730, 1551436136, 1551413516, 1551406212, 1551405361, 1551404240, 1551404178, 1551404121, 1551400203, 1551395156, 1553822312]
[1551387826, 1551381356, 1551375183, 1551372189, 1551372090, 1551370748, 1551369040, 1551368031, 1551363657, 1551360191, 1551359910, 1551356427, 1551355695, 1551354720, 1551350554, 1551349750, 1551349101, 1551347498, 1551347167, 1551346556, 1553822312]
[1551343632, 1551341270, 1551338023, 1551334878, 1551326721, 1551323036, 1551322488, 1551321760, 1551320938, 1551318067, 1551289429, 1551283574, 1551253788, 1551246085, 1551245170, 1551233595, 1551197406, 1551181414, 1551179221, 1551167618, 1553822312]
[1551114749, 1551108272, 1551105745, 1551092829, 1551074289, 1551070261, 1551033248, 1551027442, 1551025298, 1551024255, 1551022020, 1551020615, 1551020559, 1551012636, 1551011187, 1551010147, 1551008314, 1551006379, 1551002595, 1550999827, 1553822312]
[1550995527, 1550990552, 1550989987, 1550986901, 1550986462, 1550984278, 1550975870, 1550975590, 1550972173, 1550970145, 1550937744, 1550933671, 1550932958, 1550924908, 1550924870, 1550919033, 1550914249, 1550910486, 1550903065, 1550892254, 1553822312]
[1550887307, 1550883576, 1550863640, 1550850112, 1550849502, 1550844285, 1550836068, 1550833168, 1550826949, 1550825312, 1550825231, 1550823686, 1550806351, 1550805871, 1550803198, 1550798060, 1550781337, 1550780407, 1550778303, 1550768697, 1553822312]
[1550768326, 1550767686, 1550767143, 1550765899, 1550764745, 1550764630, 1550763341, 1550762942, 1550762286, 1550762110, 1550760425, 1550759940, 1550758138, 1550757724, 1550755059, 1550754957, 1550754922, 1550752061, 1550750283, 1550746739, 1553822312]
[1550746378, 1550745746, 1550743798, 1550738861, 1550738455, 1550737231, 1550735683, 1550733503, 1550733265, 1550731769, 1550731418, 1550729426, 1550728466, 1550728323, 1550727291, 1550726641, 1550725953, 1550721904, 1550721901, 1550719987, 1553822312]
[1550719032, 1550718239, 1550718157, 1550717341, 1550716956, 1550716402, 1550715709, 1550715316, 1550714808, 1550710066, 1550677494, 1550676513, 1550673514, 1550638833, 1550637977, 1550635288, 1550632926, 1550596685, 1550590570, 1550588937, 1553822312]
[1550587986, 1550587833, 1550586996, 1550561727, 1550556750, 1550548597, 1550545763, 1550538517, 1550515819, 1550504178, 1550491873, 1550487948, 1550482763, 1550478796, 1550472028, 1550470502, 1550470363, 1550468156, 1550449886, 1550424762, 1553822312]
[1550423170, 1550420316, 1550418048, 1550417888, 1550413109, 1550407365, 1550403766, 1550395358, 1550388578, 1550387130, 1550386410, 1550384943, 1550375749, 1550369360, 1550367806, 1550363826, 1550330424, 1550330238, 1550330054, 1550329428, 1553822312]
[1550327459, 1550324398, 1550322882, 1550306683, 1550304679, 1550301318, 1550300108, 1550297748, 1550295344, 1550292366, 1550291711, 1550290595, 1550286867, 1550285222, 1550277965, 1550247460, 1550246522, 1550246433, 1550244472, 1550244405, 1553822312]
[1550240596, 1550238788, 1550236791, 1550229122, 1550225735, 1550225239, 1550217540, 1550216918, 1550212230, 1550210107, 1550205552, 1550203061, 1550193977, 1550191411, 1550177653, 1550174007, 1550164953, 1550160043, 1550159745, 1550159684, 1553822312]
[1550157329, 1550156863, 1550153739, 1550152762, 1550150775, 1550150116, 1550149099, 1550148748, 1550146293, 1550144678, 1550140152, 1550139029, 1550137946, 1550136938, 1550127473, 1550127296, 1550126432, 1550121675, 1550121122, 1550119717, 1553822312]
[1550119186, 1550118784, 1550116980, 1550113313, 1550113171, 1550110735, 1550110173, 1550110079, 1550076842, 1550067995, 1550063924, 1550062469, 1550061348, 1550048757, 1550040462, 1550034565, 1550034030, 1550033883, 1550032790, 1550020795, 1553822312]
[1549989167, 1549978577, 1549974904, 1549973094, 1549963726, 1549908656, 1549893136, 1549878058, 1549868548, 1549868248, 1549865983, 1549864505, 1549858949, 1549853414, 1549821758, 1549820630, 1549818490, 1549814105, 1549812356, 1549811694, 1553822312]
[1549809234, 1549807300, 1549803231, 1549799670, 1549799598, 1549796348, 1549791851, 1549789419, 1549785442, 1549778591, 1549775693, 1549773715, 1549772113, 1549771344, 1549770802, 1549770752, 1549769737, 1549769484, 1549769327, 1549767124, 1553822312]
[1549765746, 1549764490, 1549764309, 1549764158, 1549761695, 1549760021, 1549760008, 1549756161, 1549753532, 1549747410, 1549745788, 1549745030, 1549729505, 1549728666, 1549726620, 1549725018, 1549724531, 1549722179, 1549712555, 1549712367, 1553822312]
[1549711840, 1549710954, 1549708199, 1549707518, 1549705600, 1549705078, 1549704412, 1549699564, 1549696626, 1549695599, 1549695065, 1549694771, 1549692231, 1549691722, 1549691314, 1549690309, 1549686884, 1549686458, 1549686069, 1549685605, 1553822312]
[1549685116, 1549684849, 1549684299, 1549684278, 1549683357, 1549681467, 1549680609, 1549679009, 1549678391, 1549678172, 1549652939, 1549652144, 1549651079, 1549649937, 1549638078, 1549637343, 1549637160, 1549636573, 1549634790, 1549634769, 1553822312]
[1549633710, 1549628825, 1549628495, 1549625179, 1549620639, 1549620590, 1549616956, 1549613696, 1549610701, 1549605154, 1549604119, 1549602272, 1549600652, 1549596853, 1549596446, 1549595791, 1549595496, 1549592994, 1549592614, 1549591643, 1553822312]
[1549591468, 1549560761, 1549558061, 1549556696, 1549556204, 1549555894, 1549552855, 1549549049, 1549547177, 1549547059, 1549546729, 1549546439, 1549546177, 1549544184, 1549544100, 1549542857, 1549541648, 1549539769, 1549539276, 1549537676, 1553822312]
[1549537452, 1549536282, 1549534778, 1549533090, 1549533004, 1549532782, 1549531944, 1549531841, 1549530350, 1549529689, 1549527676, 1549527282, 1549526576, 1549526463, 1549525019, 1549524738, 1549524657, 1549524346, 1549519150, 1549518989, 1553822312]
[1549518417, 1549518136, 1549517903, 1549517351, 1549516626, 1549515770, 1549514632, 1549511725, 1549511685, 1549510199, 1549510094, 1549509746, 1549508410, 1549507740, 1549507492, 1549507121, 1549506922, 1549505729, 1549505640, 1549504961, 1553822312]
[1549504920, 1549499061, 1549479085, 1549473577, 1549467092, 1549466108, 1549465479, 1549465240, 1549462523, 1549462427, 1549460326, 1549458318, 1549458297, 1549458090, 1549457997, 1549457455, 1549457447, 1549456166, 1549452457, 1549446419, 1553822312]
[1549445819, 1549445378, 1549444728, 1549440181, 1549439863, 1549437234, 1549434441, 1549431030, 1549427815, 1549424618, 1549424040, 1549421511, 1549420005, 1549419327, 1549418788, 1549418773, 1549417337, 1549414800, 1549414599, 1549393286, 1553822312]
[1549385647, 1549380249, 1549380145, 1549375012, 1549365900, 1549365595, 1549360569, 1549351085, 1549342648, 1549340575, 1549338852, 1549335273, 1549293272, 1549265470, 1549262664, 1549236902, 1549213645, 1549212922, 1549206959, 1549206916, 1553822312]
[1549205327, 1549203638, 1549200490, 1549196330, 1549190752, 1549190335, 1549185297, 1549182729, 1549181540, 1549170774, 1549165432, 1549160077, 1549158531, 1549157884, 1549156044, 1549129357, 1549127233, 1549126669, 1549122985, 1549122287, 1553822312]
[1549121912, 1549104405, 1549095061, 1549093438, 1549075170, 1549073021, 1549064444, 1549058524, 1549044215, 1549038977, 1549038638, 1549034079, 1549018479, 1549004398, 1549003965, 1548980687, 1548960758, 1548955738, 1548954865, 1548943868, 1553822312]
[1548943339, 1548941012, 1548938252, 1548936037, 1548934772, 1548927739, 1548927528, 1548927114, 1548926234, 1548925909, 1548916135, 1548915914, 1548914979, 1548910763, 1548908786, 1548906738, 1548905015, 1548901542, 1548900881, 1548900434, 1553822312]
[1548897262, 1548896416, 1548895682, 1548892107, 1548891452, 1548878118, 1548875216, 1548869698, 1548869320, 1548865303, 1548864002, 1548862846, 1548862076, 1548862021, 1548861923, 1548861470, 1548861106, 1548861079, 1548860221, 1548859791, 1553822312]
[1548857556, 1548857230, 1548856352, 1548856024, 1548855881, 1548855077, 1548854141, 1548853854, 1548851741, 1548851359, 1548851000, 1548850749, 1548850260, 1548849840, 1548848226, 1548844877, 1548842188, 1548841771, 1548841344, 1548840644, 1553822312]
[1548837070, 1548837002, 1548836864, 1548836288, 1548834848, 1548825008, 1548819393, 1548817415, 1548816201, 1548814007, 1548811857, 1548807623, 1548806455, 1548788812, 1548786773, 1548786344, 1548785954, 1548784718, 1548778608, 1548777612, 1553822312]
[1548777554, 1548776735, 1548775554, 1548770551, 1548769425, 1548768555, 1548768027, 1548765053, 1548764189, 1548764111, 1548762818, 1548761402, 1548758634, 1548757485, 1548755649, 1548755053, 1548754984, 1548751066, 1548750805, 1548750433, 1553822312]
[1548749344, 1548748215, 1548739591, 1548737470, 1548731320, 1548729872, 1548726772, 1548722419, 1548721561, 1548709975, 1548690324, 1548686739, 1548681996, 1548674311, 1548670359, 1548666925, 1548664793, 1548662566, 1548662500, 1548662491, 1553822312]
[1548658249, 1548654018, 1548653787, 1548652769, 1548650712, 1548649674, 1548648834, 1548647959, 1548646061, 1548645391, 1548643695, 1548642983, 1548638472, 1548638363, 1548634840, 1548633763, 1548633038, 1548632953, 1548632366, 1548631749, 1553822312]
[1548615146, 1548608918, 1548603818, 1548603531, 1548602360, 1548599655, 1548599057, 1548598922, 1548598506, 1548596631, 1548596332, 1548595140, 1548594724, 1548593798, 1548588412, 1548587331, 1548587283, 1548586944, 1548586786, 1548583166, 1553822312]
[1548583158, 1548577447, 1548576935, 1548575203, 1548574439, 1548572892, 1548572874, 1548567697, 1548564948, 1548564195, 1548561575, 1548560708, 1548558392, 1548557330, 1548549408, 1548521319, 1548505309, 1548502872, 1548502707, 1548494943, 1553822312]
[1548494495, 1548493456, 1548491863, 1548488864, 1548488312, 1548487289, 1548484521, 1548480631, 1548474785, 1548474636, 1548472523, 1548468983, 1548468459, 1548466685, 1548466680, 1548463969, 1548463891, 1548433332, 1548431779, 1548431103, 1553822312]
[1548428945, 1548428506, 1548427181, 1548426137, 1548425999, 1548425650, 1548424604, 1548423933, 1548422874, 1548421041, 1548416929, 1548411343, 1548406287, 1548404501, 1548403191, 1548397624, 1548396956, 1548394517, 1548394064, 1548389110, 1553822312]
[1548387178, 1548383301, 1548382853, 1548382275, 1548381660, 1548380693, 1548380345, 1548378442, 1548378236, 1548378006, 1548377623, 1548377428, 1548376286, 1548376092, 1548361329, 1548352212, 1548351023, 1548350476, 1548347165, 1548346134, 1553822312]
[1548346062, 1548345796, 1548345337, 1548342432, 1548342190, 1548341946, 1548341011, 1548340846, 1548338485, 1548337056, 1548336891, 1548336630, 1548334695, 1548334610, 1548331448, 1548331067, 1548327119, 1548325750, 1548324859, 1548324251, 1553822312]
[1548323710, 1548323289, 1548322546, 1548319479, 1548316791, 1548316493, 1548313507, 1548313335, 1548313147, 1548312452, 1548310836, 1548310231, 1548309280, 1548308394, 1548308282, 1548308212, 1548307170, 1548306265, 1548305800, 1548304809, 1553822312]
[1548303971, 1548303554, 1548303447, 1548303319, 1548302705, 1548302700, 1548301946, 1548301225, 1548301004, 1548300923, 1548300715, 1548299242, 1548299237, 1548298496, 1548297993, 1548297888, 1548297775, 1548297761, 1548294548, 1548290334, 1553822312]
[1548278661, 1548272749, 1548260033, 1548259981, 1548249795, 1548221328, 1548218698, 1547976069, 1547972846, 1547909900, 1547899309, 1547892223, 1547890422, 1547885013, 1547884046, 1547855303, 1547833974, 1547831343, 1547829258, 1547822644, 1553822312]
[1547802428, 1547801941, 1547695682, 1547690706, 1547652054, 1547644451, 1547641071, 1547632480, 1547630910, 1547626126, 1547615822, 1547565207, 1547563318, 1547557058, 1547557043, 1547557020, 1547556361, 1547552635, 1547551384, 1547550781, 1553822312]
[1547541529, 1547525949, 1547525659, 1547514972, 1547514264, 1547508040, 1553822312]
