[1557324130, 1557312131, 1557298104, 1557277998, 1557244905, 1557244104, 1557242993, 1557242122, 1557223222, 1557182748, 1557165144, 1557163815, 1557159933, 1557158378, 1557153338, 1557152079, 1557146084, 1557142599, 1557139006, 1557110058, 1555663914]
[1557108304, 1557105698, 1557102263, 1557072665, 1557067507, 1557065889, 1557052751, 1557048280, 1557035220, 1557032720, 1557026394, 1557025957, 1557022289, 1557006279, 1556993528, 1556991374, 1556988374, 1556982460, 1556975420, 1556972110, 1555663914]
[1556951742, 1556934840, 1556933665, 1556915580, 1556910881, 1556909810, 1556907980, 1556907604, 1556901685, 1556900965, 1556900743, 1556899572, 1556897647, 1556895930, 1556893252, 1556891120, 1556885679, 1556881675, 1556875205, 1556873880, 1555663914]
[1556872915, 1556868796, 1556851541, 1556851045, 1556847843, 1556838188, 1556838000, 1556818782, 1556817507, 1556815237, 1556814224, 1556812882, 1556809275, 1556801892, 1556798321, 1556797813, 1556796352, 1556789912, 1556784422, 1556779440, 1555663914]
[1556776230, 1556732820, 1556726543, 1556726475, 1556726443, 1556719940, 1556709660, 1556706354, 1556672184, 1556652710, 1556643913, 1556630772, 1556629033, 1556592794, 1556554637, 1556548702, 1556534167, 1556530858, 1556504928, 1556483430, 1555663914]
[1556472618, 1556466306, 1556461025, 1556443552, 1556439306, 1556426747, 1556382664, 1556379115, 1556375975, 1556343119, 1556333288, 1556332458, 1556328037, 1556298163, 1556297735, 1556297670, 1556293483, 1556289812, 1556284651, 1556275937, 1555663914]
[1556275786, 1556264620, 1556263955, 1556261571, 1556256140, 1556244957, 1556209052, 1556204389, 1556189488, 1556181285, 1556145239, 1556117781, 1556117053, 1556115707, 1556114711, 1556113502, 1556111177, 1556094791, 1556074550, 1556072538, 1555663914]
[1556066152, 1556056029, 1556052934, 1556030304, 1556029128, 1556024680, 1556003950, 1555986038, 1555985994, 1555982625, 1555982182, 1555977405, 1555972722, 1555949196, 1555948872, 1555945686, 1555919904, 1555908038, 1555898299, 1555889908, 1555663914]
[1555883012, 1555880134, 1555847954, 1555837771, 1555834693, 1555830380, 1555823794, 1555823383, 1555817965, 1555813692, 1555811170, 1555786296, 1555783755, 1555779419, 1555776077, 1555769652, 1555752940, 1555744753, 1555743449, 1555742220, 1555663914]
[1555741069, 1555735625, 1555734666, 1555728814, 1555726362, 1555719175, 1555719088, 1555717547, 1555712245, 1555690526, 1555688082, 1555686801, 1555684311, 1555684297, 1555675170, 1555674786, 1555674327, 1555670720, 1555669060, 1555668408, 1555663914]
[1555667101, 1555666812, 1555664221, 1555664156, 1555664077, 1555663914, 1555657227, 1555656842, 1555655092, 1555654927, 1555650758, 1555650109, 1555644762, 1555641055, 1555639184, 1555636013, 1555628567, 1555606129, 1555605818, 1555603995, 1555663914]
[1555603429, 1555599150, 1555594409, 1555587646, 1555581924, 1555579532, 1555553718, 1555518245, 1555514596, 1555509466, 1555492448, 1555478829, 1555472090, 1555433904, 1555433224, 1555422991, 1555414396, 1555413986, 1555407889, 1555406382, 1555663914]
[1555391362, 1555380832, 1555348465, 1555344482, 1555330664, 1555311315, 1555307812, 1555307092, 1555298069, 1555283369, 1555281447, 1555265960, 1555260459, 1555259845, 1555255846, 1555252397, 1555250960, 1555243301, 1555243005, 1555240839, 1555663914]
[1555239217, 1555233535, 1555233118, 1555228621, 1555225378, 1555224311, 1555219319, 1555218838, 1555209697, 1555208420, 1555207354, 1555198579, 1555193945, 1555173693, 1555169506, 1555168210, 1555162999, 1555162910, 1555160345, 1555155300, 1555663914]
[1555148569, 1555147414, 1555146947, 1555144622, 1555143104, 1555141296, 1555140621, 1555139026, 1555138156, 1555137831, 1555137344, 1555134550, 1555131231, 1555131207, 1555128851, 1555127718, 1555127032, 1555123111, 1555121368, 1555092239, 1555663914]
[1555089752, 1555088823, 1555087955, 1555085785, 1555085516, 1555085170, 1555082120, 1555081205, 1555080804, 1555080513, 1555079324, 1555078888, 1555078469, 1555078184, 1555077690, 1555076343, 1555075227, 1555073814, 1555070857, 1555069688, 1555663914]
[1555069523, 1555069038, 1555065652, 1555065476, 1555063258, 1555062700, 1555060725, 1555059644, 1555056788, 1555056680, 1555055675, 1555052628, 1555052312, 1555045098, 1555044744, 1555044701, 1555044254, 1555044128, 1555044073, 1555041884, 1555663914]
[1555041460, 1555037221, 1555035717, 1555035464, 1555034896, 1555034528, 1555032277, 1555031049, 1555023802, 1555021887, 1555010689, 1555007246, 1555002938, 1555002772, 1555002071, 1555001828, 1555001662, 1555000145, 1555000117, 1554999695, 1555663914]
[1554999543, 1554999388, 1554999199, 1554998773, 1554997296, 1554996801, 1554996567, 1554996513, 1554995668, 1554995093, 1554994969, 1554994557, 1554994273, 1554994109, 1554993892, 1554993222, 1554992820, 1554992010, 1554991895, 1554990203, 1555663914]
[1554990097, 1554989431, 1554988979, 1554988503, 1554988138, 1554987714, 1554986350, 1554985750, 1554985655, 1554984711, 1554984162, 1554983840, 1554983330, 1554983143, 1554982039, 1554981731, 1554981014, 1554979925, 1554979780, 1554979593, 1555663914]
[1554978410, 1554978028, 1554976531, 1554975150, 1554974393, 1554973722, 1554971587, 1554970959, 1554968922, 1554966825, 1554963692, 1554962150, 1554961851, 1554961233, 1554961198, 1554961002, 1554960968, 1554960133, 1554959492, 1554959079, 1555663914]
[1554958183, 1554958095, 1554957956, 1554957588, 1554957480, 1554957444, 1554957230, 1554956992, 1554956928, 1554956839, 1554956719, 1554956459, 1554956407, 1554956084, 1554955869, 1554955739, 1554955356, 1554954899, 1554954133, 1554953517, 1555663914]
[1554952829, 1554951982, 1554951632, 1554950849, 1554950642, 1554950457, 1554950288, 1554950272, 1554949970, 1554949452, 1554949357, 1554949305, 1554948804, 1554948179, 1554947103, 1554947047, 1554945358, 1554944936, 1554944851, 1554943815, 1555663914]
[1554943410, 1554943040, 1554942925, 1554942746, 1554942411, 1554942357, 1554942172, 1554941746, 1554941297, 1554941237, 1554940577, 1554940138, 1554939653, 1554939592, 1554939328, 1554939295, 1554938661, 1554938660, 1554938283, 1554938066, 1555663914]
[1554937987, 1554937979, 1554937682, 1554937223, 1554937046, 1554936473, 1554936053, 1554936047, 1554935739, 1554932786, 1554932264, 1554928556, 1554926114, 1554924843, 1554922610, 1554920119, 1554919290, 1554919181, 1554918156, 1554917423, 1555663914]
[1554916987, 1554916830, 1554916825, 1554916476, 1554915945, 1554915906, 1554915817, 1554915515, 1554915126, 1554914946, 1554914678, 1554914629, 1554913965, 1554913649, 1554913607, 1554913598, 1554913547, 1554913482, 1554913431, 1554913366, 1555663914]
[1554913192, 1554913148, 1554913143, 1554913048, 1554913004, 1554912946, 1554912804, 1554912786, 1554912754, 1554912710, 1554912708, 1554912700, 1554912697, 1554912663, 1554912575, 1554912570, 1554912546, 1554912525, 1554912499, 1554912497, 1555663914]
[1554912475, 1554912473, 1554912443, 1554912435, 1554912404, 1554912371, 1554912361, 1554912341, 1554912331, 1554912324, 1554912302, 1554912296, 1554912283, 1554912282, 1554912274, 1554912273, 1554912266, 1554912265, 1554912262, 1554912251, 1555663914]
[1554912242, 1554912242, 1554912201, 1554912126, 1554912065, 1554912053, 1554911919, 1554909965, 1554909917, 1554908846, 1554907198, 1554902747, 1554901226, 1554898984, 1554897033, 1554885285, 1554883159, 1554883082, 1554868006, 1554861763, 1555663914]
[1554850620, 1554848783, 1554831496, 1554827415, 1554820810, 1554820479, 1554818650, 1554811435, 1554810974, 1554810614, 1554807305, 1554806065, 1554798753, 1554798745, 1554797889, 1554796567, 1554792792, 1554791563, 1554783748, 1554772098, 1555663914]
[1554764584, 1554740817, 1554736754, 1554731549, 1554730908, 1554728468, 1554727664, 1554724106, 1554724068, 1554721417, 1554719338, 1554716761, 1554714749, 1554711123, 1554710702, 1554710497, 1554709098, 1554709066, 1554698202, 1554696756, 1555663914]
[1554696267, 1554695719, 1554693936, 1554680299, 1554655472, 1554654224, 1554648578, 1554646698, 1554643484, 1554643282, 1554634487, 1554633720, 1554630665, 1554626755, 1554625620, 1554625200, 1554618691, 1554611591, 1554609883, 1554609535, 1555663914]
[1554608869, 1554608478, 1554607597, 1554605820, 1554605102, 1554605101, 1554591256, 1554572075, 1554568399, 1554568321, 1554567547, 1554565706, 1554565275, 1554564820, 1554564764, 1554560874, 1554559902, 1554558725, 1554557788, 1554554831, 1555663914]
[1554551088, 1554550051, 1554545363, 1554544760, 1554544580, 1554543008, 1554541585, 1554539938, 1554534231, 1554533580, 1554530900, 1554529014, 1554528655, 1554524359, 1554523525, 1554523072, 1554522881, 1554522516, 1554520909, 1554520609, 1555663914]
[1554519996, 1554518826, 1554518323, 1554515515, 1554514288, 1554513224, 1554512741, 1554511425, 1554510522, 1554509408, 1554508516, 1554506392, 1554506270, 1554490404, 1554486676, 1554484400, 1554484361, 1554484014, 1554483965, 1554483781, 1555663914]
[1554483291, 1554482331, 1554480528, 1554480136, 1554479927, 1554479676, 1554477913, 1554477871, 1554475109, 1554474471, 1554474160, 1554474067, 1554473454, 1554473198, 1554471682, 1554470238, 1554469218, 1554468881, 1554467886, 1554465402, 1555663914]
[1554465027, 1554463516, 1554462686, 1554460559, 1554460150, 1554459720, 1554458387, 1554457372, 1554457340, 1554457250, 1554456506, 1554456436, 1554456420, 1554455678, 1554455596, 1554453483, 1554452394, 1554450672, 1554450062, 1554449373, 1555663914]
[1554449164, 1554448896, 1554447015, 1554446777, 1554445732, 1554445281, 1554444981, 1554444713, 1554443949, 1554443863, 1554443653, 1554443456, 1554443447, 1554443092, 1554443027, 1554442942, 1554442863, 1554442299, 1554441828, 1554441763, 1555663914]
[1554441619, 1554441595, 1554441002, 1554440594, 1554440523, 1554440474, 1554440277, 1554440213, 1554440005, 1554439820, 1554439697, 1554439620, 1554439619, 1554439614, 1554439573, 1554439516, 1554439501, 1554439423, 1554439173, 1554439127, 1555663914]
[1554439030, 1554439030, 1554438903, 1554438898, 1554438870, 1554438764, 1554438682, 1554438616, 1554438595, 1554438554, 1554438450, 1554438435, 1554438405, 1554438283, 1554438207, 1554438141, 1554438114, 1554438018, 1554437980, 1554437911, 1555663914]
[1554437896, 1554437786, 1554437776, 1554437661, 1554437581, 1554437550, 1554437421, 1554437393, 1554437392, 1554437301, 1554437182, 1554437147, 1554437124, 1554436941, 1554435962, 1554434818, 1554434579, 1554434256, 1554433454, 1554433104, 1555663914]
[1554432382, 1554431118, 1554431003, 1554430954, 1554430393, 1554430361, 1554429620, 1554427761, 1554426773, 1554425387, 1554425112, 1554424126, 1554423844, 1554423527, 1554422295, 1554421702, 1554420967, 1554420616, 1554419096, 1554419062, 1555663914]
[1554418378, 1554417744, 1554417563, 1554405515, 1554404637, 1554398988, 1554398862, 1554398818, 1554398441, 1554397899, 1554397809, 1554397110, 1554396913, 1554396764, 1554395794, 1554395651, 1554395421, 1554395096, 1554394905, 1554394862, 1555663914]
[1554394681, 1554394665, 1554394399, 1554394340, 1554394258, 1554393065, 1554392675, 1554390312, 1554390290, 1554390281, 1554389799, 1554389775, 1554388264, 1554385255, 1554383825, 1554381069, 1554380032, 1554377077, 1554374028, 1554372889, 1555663914]
[1554372170, 1554371098, 1555663914]
