[1557364223, 1557357732, 1557353920, 1557353231, 1557350641, 1557333331, 1557332247, 1557328933, 1557328470, 1557327536, 1557324577, 1557323977, 1557320917, 1557319440, 1557317814, 1557313318, 1557308613, 1557298098, 1557296426, 1557293662]
[1557293021, 1557292724, 1557285053, 1557283344, 1557273952, 1557272154, 1557247311, 1557247015, 1557243640, 1557239964, 1557236766, 1557231849, 1557199230, 1557198068, 1557187805, 1557187015, 1557180160, 1557170646, 1557161293, 1557160558]
[1557159608, 1557154521, 1557153587, 1557149048, 1557142300, 1557139898, 1557139830, 1557126003, 1557123477, 1557122513, 1557112439, 1557111646, 1557101376, 1557100038, 1557099863, 1557093684, 1557088866, 1557088138, 1557086100, 1557076358]
[1557076234, 1557074898, 1557072801, 1557069091, 1557067127, 1557065223, 1557060023, 1557058573, 1557054157, 1557050763, 1557048160, 1557032005, 1557030092, 1557027484, 1557020543, 1557016570, 1557013796, 1557012913, 1557011543, 1556990215]
[1556987883, 1556986834, 1556986457, 1556983786, 1556979857, 1556979062, 1556978906, 1556974628, 1556974224, 1556971553, 1556966557, 1556966551, 1556966060, 1556962674, 1556959865, 1556958825, 1556951254, 1556950257, 1556948723, 1556946970]
[1556945907, 1556944241, 1556944160, 1556943293, 1556942896, 1556939705, 1556939602, 1556939156, 1556937925, 1556936636, 1556934086, 1556930339, 1556928926, 1556928300, 1556927249, 1556905254, 1556904030, 1556904023, 1556903649, 1556902376]
[1556902280, 1556902043, 1556902007, 1556901844, 1556901499, 1556901162, 1556901073, 1556900723, 1556900715, 1556900498, 1556900462, 1556900212, 1556900207, 1556900203, 1556900156, 1556900078, 1556900060, 1556899972, 1556899948, 1556899906]
[1556899871, 1556899863, 1556899823, 1556899781, 1556899311, 1556896381, 1556888390, 1556887007, 1556881630, 1556874112, 1556869611, 1556866522, 1556866353, 1556864623, 1556860598, 1556859909, 1556858911, 1556855527, 1556851003, 1556850925]
[1556848858, 1556848766, 1556846963, 1556841437, 1556840983, 1556838208, 1556825058, 1556819939, 1556819572, 1556815351, 1556814448, 1556814010, 1556813931, 1556813557, 1556813542, 1556813433, 1556813080, 1556810907, 1556801839, 1556790890]
[1556787947, 1556782207, 1556777228, 1556773386, 1556772667, 1556763311, 1556748230, 1556735108, 1556728126, 1556726730, 1556726245, 1556716982, 1556686592, 1556686128, 1556677435, 1556676206, 1556676206, 1556671996, 1556667842, 1556663938]
[1556651402, 1556646203, 1556641762, 1556641648, 1556640634, 1556631328, 1556628532, 1556606346, 1556593881, 1556588908, 1556585629, 1556559850, 1556555856, 1556555076, 1556550567, 1556548496, 1556522210, 1556510518, 1556508364, 1556496820]
[1556493683, 1556493438, 1556493170, 1556479820, 1556479470, 1556469972, 1556466935, 1556447924, 1556444679, 1556444299, 1556444113, 1556435848, 1556419442, 1556408130, 1556398941, 1556384105, 1556381192, 1556381025, 1556380902, 1556355612]
[1556351473, 1556350969, 1556336393, 1556331412, 1556325829, 1556325747, 1556320854, 1556307992, 1556299985, 1556294601, 1556292319, 1556256705, 1556254954, 1556245204, 1556245147, 1556241024, 1556233353, 1556233280, 1556211993, 1556209224]
[1556208822, 1556206684, 1556205310, 1556195505, 1556187791, 1556175836, 1556164107, 1556160799, 1556151857, 1556143393, 1556138405, 1556130341, 1556124968, 1556121871, 1556095686, 1556086617, 1556083463, 1556081789, 1556073037, 1556073014]
[1556069517, 1556041827, 1556038794, 1556036587, 1556035766, 1556035367, 1556035304, 1556032694, 1556032161, 1556030448, 1556027770, 1556024988, 1556023774, 1556011290, 1556010262, 1555997197, 1555996906, 1555992097, 1555979268, 1555958762]
[1555953927, 1555952778, 1555950740, 1555947021, 1555943962, 1555930423, 1555928397, 1555919833, 1555919752, 1555918557, 1555916706, 1555916238, 1555914657, 1555900953, 1555891674, 1555866656, 1555866368, 1555864508, 1555863994, 1555863095]
[1555862362, 1555859864, 1555858604, 1555852451, 1555847438, 1555845745, 1555840631, 1555839352, 1555836352, 1555833602, 1555833200, 1555830924, 1555827301, 1555816743, 1555788904, 1555779112, 1555776964, 1555767939, 1555765803, 1555758132]
[1555740765, 1555736889, 1555733669, 1555731780, 1555727988, 1555727449, 1555727348, 1555713112, 1555690763, 1555689879, 1555688655, 1555687654, 1555681514, 1555650796, 1555647009, 1555637166, 1555607962, 1555605699, 1555605050, 1555599815]
[1555597117, 1555587925, 1555581919, 1555573300, 1555568681, 1555567534, 1555561922, 1555561907, 1555560617, 1555555516, 1555552940, 1555550397, 1555549580, 1555540355, 1555531042, 1555527948, 1555518215, 1555516967, 1555514428, 1555503340]
[1555492184, 1555486156, 1555486107, 1555469548, 1555469543, 1555460617, 1555459067, 1555432367, 1555431074, 1555430926, 1555430627, 1555428083, 1555426891, 1555389054, 1555386379, 1555386126, 1555384882, 1555374524, 1555347482, 1555344346]
[1555342533, 1555324289, 1555324272, 1555322064, 1555316540, 1555307439, 1555304366, 1555290906, 1555287384, 1555265806, 1555263055, 1555262212, 1555260002, 1555257744, 1555256224, 1555254070, 1555252385, 1555251974, 1555251426, 1555238122]
[1555222714, 1555214794, 1555209980, 1555175482, 1555174157, 1555172378, 1555172361, 1555172250, 1555171983, 1555168752, 1555168720, 1555168522, 1555163557, 1555162862, 1555161476, 1555160753, 1555146538, 1555136876, 1555131118, 1555128321]
[1555123303, 1555120705, 1555117846, 1555115472, 1555114697, 1555088119, 1555087174, 1555085254, 1555085251, 1555081757, 1555067573, 1555067045, 1555064945, 1555061031, 1555054053, 1555051628, 1555038646, 1555036351, 1555035176, 1555032814]
[1555031282, 1555029471, 1555027176, 1555023090, 1555022062, 1555004944, 1554999722, 1554999527, 1554999518, 1554994789, 1554976083, 1554960971, 1554957850, 1554937881, 1554936709, 1554931165, 1554915156, 1554913734, 1554904889, 1554904032]
[1554903944, 1554903018, 1554902657, 1554901508, 1554900850, 1554897923, 1554892000, 1554890307, 1554889913, 1554889202, 1554882562, 1554879267, 1554874049, 1554871911, 1554871642, 1554860882, 1554859872, 1554859045, 1554857602, 1554856257]
[1554854757, 1554852931, 1554849045, 1554842395, 1554832944, 1554829560, 1554827852, 1554826251, 1554825981, 1554825176, 1554823115, 1554815424, 1554812632, 1554810352, 1554804245, 1554803765, 1554803748, 1554789614, 1554785350, 1554771684]
[1554768829, 1554741070, 1554740812, 1554740201, 1554735138, 1554728005, 1554724680, 1554723581, 1554718335, 1554717413, 1554707179, 1554706951, 1554699816, 1554699259, 1554697707, 1554696871, 1554693979, 1554693620, 1554690910, 1554683147]
[1554683056, 1554679844, 1554656451, 1554655855, 1554654281, 1554650514, 1554649481, 1554648149, 1554641437, 1554640089, 1554638351, 1554637235, 1554625686, 1554623235, 1554618660, 1554618326, 1554611188, 1554610907, 1554610300, 1554606815]
[1554602795, 1554598989, 1554598366, 1554598251, 1554592787, 1554576091, 1554569429, 1554569364, 1554568656, 1554566685, 1554566294, 1554565387, 1554565339, 1554560933, 1554550851, 1554549184, 1554548580, 1554547175, 1554541110, 1554538702]
[1554535067, 1554534974, 1554528922, 1554527563, 1554525752, 1554525145, 1554515950, 1554514232, 1554513144, 1554511038, 1554511003, 1554509380, 1554508608, 1554508058, 1554487014, 1554486842, 1554485258, 1554483661, 1554482059, 1554479876]
[1554478792, 1554478662, 1554476322, 1554473922, 1554467662, 1554462646, 1554461634, 1554442550, 1554441743, 1554440541, 1554435840, 1554434404, 1554433123, 1554432038, 1554430190, 1554427668, 1554425610, 1554424960, 1554422622, 1554422284]
[1554416980, 1554412079, 1554407614, 1554404472, 1554403932, 1554399092, 1554398645, 1554398113, 1554396575, 1554395643, 1554395574, 1554395463, 1554394744, 1554393886, 1554387217, 1554381209, 1554374043, 1554363295, 1554354645, 1554353354]
[1554345979, 1554345959, 1554344422, 1554343743, 1554341268, 1554338103, 1554337248, 1554334879, 1554334552, 1554331656, 1554321601, 1554314016, 1554310598, 1554308941, 1554308281, 1554307937, 1554307084, 1554306612, 1554305922, 1554305641]
[1554305425, 1554305353, 1554302169, 1554300285, 1554294361, 1554293514, 1554292653, 1554286840, 1554281561, 1554280866, 1554273451, 1554272886, 1554271185, 1554270488, 1554268473, 1554267827, 1554267530, 1554267195, 1554261389, 1554261300]
[1554260246, 1554259864, 1554254186, 1554253193, 1554253120, 1554250646, 1554249580, 1554247622, 1554245825, 1554244302, 1554241598, 1554231760, 1554230557, 1554228872, 1554227819, 1554225908, 1554225653, 1554224749, 1554223072, 1554222866]
[1554222663, 1554222273, 1554221643, 1554219318, 1554218844, 1554215738, 1554214949, 1554214411, 1554211947, 1554208230, 1554206552, 1554203599, 1554203232, 1554199608, 1554196853, 1554195082, 1554189351, 1554187913, 1554185558, 1554183285]
[1554183269, 1554182718, 1554182666, 1554182425, 1554182317, 1554182185, 1554182106, 1554181587, 1554179396, 1554176081, 1554175039, 1554170350, 1554168393, 1554167863, 1554167486, 1554164169, 1554163701, 1554163567, 1554155807, 1554140472]
[1554140122, 1554139566, 1554139134, 1554138632, 1554136967, 1554136510, 1554136207, 1554135806, 1554135713, 1554135535, 1554135426, 1554134713, 1554134704, 1554134668, 1554134064, 1554133950, 1554133660, 1554131925, 1554129278, 1554128706]
[1554128035, 1554125402, 1554124676, 1554122577, 1554121991, 1554120283, 1554114278, 1554113976, 1554113861, 1554109810, 1554105875, 1554105694, 1554099317, 1554098459, 1554096073, 1554094391, 1554094295, 1554093323, 1554091408, 1554089578]
[1554089246, 1554087521, 1554086500, 1554086297, 1554083095, 1554082553, 1554081357, 1554081212, 1554074605, 1554071936, 1554062471, 1554058417, 1554057882, 1554053209, 1554051720, 1554051521, 1554051331, 1554051193, 1554051032, 1554050405]
[1554050288, 1554049934, 1554049464, 1554049420, 1554049078, 1554048938, 1554048656, 1554048596, 1554048587, 1554048294, 1554048285, 1554048220, 1554048218, 1554048129, 1554047767, 1554047188, 1554047185, 1554046990, 1554046259, 1554046192]
[1554046156, 1554045943, 1554045714, 1554045290, 1554045104, 1554044686, 1554043850, 1554042017, 1554041857, 1554041615, 1554041245, 1554039398, 1554037791, 1554037679, 1554037475, 1554036904, 1554035945, 1554035678, 1554034965, 1554033772]
[1554033454, 1554032633, 1554032317, 1554030982, 1554030599, 1554029441, 1554028139, 1554027993, 1554027900, 1554027066, 1554025713, 1554025476, 1554025414, 1554023938, 1554023684, 1554023441, 1554022944, 1554020751, 1554019699, 1554019512]
[1554019016, 1554018774, 1554018606, 1554018602, 1554016571, 1554016013, 1554015582, 1554015461, 1554015442, 1554013927, 1554013411, 1554013325, 1554012860, 1554011997, 1554011431, 1554011114, 1554010853, 1554010514, 1554010189, 1554009576]
[1554007862, 1554006909, 1554006666, 1554005785, 1554004800, 1554004688, 1554004651, 1554004498, 1554003266, 1554002342, 1554001633, 1554001427, 1554001323, 1554001148, 1554000038, 1553999393, 1553999329, 1553999057, 1553998676, 1553998220]
[1553997442, 1553996464, 1553996376, 1553996304, 1553995249, 1553994124, 1553992331, 1553991502, 1553987517, 1553986434, 1553986082, 1553982299, 1553980006, 1553976234, 1553973478, 1553972154, 1553968311, 1553967857, 1553967842, 1553967763]
[1553966347, 1553966254, 1553966075, 1553965778, 1553965663, 1553965165, 1553965048, 1553964612, 1553964274, 1553963945, 1553963781, 1553963620, 1553962836, 1553962534, 1553962425, 1553962400, 1553962141, 1553961968, 1553961930, 1553961875]
[1553961832, 1553961788, 1553961785, 1553961766, 1553961754, 1553961048, 1553957603, 1553957462, 1553951387, 1553924055, 1553845567, 1553833699, 1553781664, 1553770457, 1553734176, 1553692814, 1553651377, 1553638842, 1553608916, 1553591713]
[1553538801, 1553528698, 1553495697, 1553440913, 1553349342, 1553330611, 1553315402, 1553315171, 1553266613, 1553156127, 1553152698, 1553069497, 1553065667, 1553058454, 1553040634, 1552996069, 1552986585, 1552813431, 1552808504, 1552795364]
[1552785503, 1552749458, 1552740045, 1552735868, 1552723549, 1552718282, 1552706177, 1552703331, 1552702265, 1552700571, 1552665596, 1552663186, 1552640180, 1552633281, 1552625525, 1552624231, 1552623991, 1552623804, 1552623360, 1552582696]
[1552581081, 1552578666, 1552577111, 1552571378, 1552570705, 1552568429, 1552567516, 1552567371, 1552565899, 1552563137, 1552559064, 1552556523, 1552547022, 1552546441, 1552544495, 1552542985, 1552542682, 1552541317, 1552540533, 1552540509]
[1552537912, 1552537473, 1552536787, 1552531893, 1552531780, 1552531615, 1552527180, 1552525289, 1552524584, 1552524282, 1552522355, 1552521239, 1552517763, 1552517714, 1552516449, 1552508874, 1552499633, 1552498656, 1552497696, 1552495930]
[1552495495, 1552494458, 1552494270, 1552494118, 1552493187, 1552492524, 1552483459, 1552470077, 1552468432]
