[1557363393, 1557311881, 1557195793, 1557107282, 1557049741, 1556930382, 1556928029, 1556926664, 1556885524, 1556856450, 1556790877, 1556782712, 1556756346, 1556701729, 1556679683, 1556671347, 1556602235, 1556601761, 1556546055, 1556535935]
[1556525163, 1556512869, 1556499550, 1556445047, 1556425902, 1556400713, 1556321775, 1556187135, 1556104415, 1556038559, 1556021265, 1556008972, 1555950404, 1555935432, 1555934100, 1555902697, 1555900550, 1555867369, 1555860577, 1555853151]
[1555833718, 1555829697, 1555791325, 1555768537, 1555727716, 1555691030, 1555690235, 1555689909, 1555669583, 1555668771, 1555668745, 1555659017, 1555649201, 1555648903, 1555644488, 1555638757, 1555634133, 1555605979, 1555605342, 1555603142]
[1555601662, 1555517291, 1555500773, 1555376066, 1555346139, 1555320614, 1555315166, 1555260685, 1555247317, 1555168724, 1555051372, 1554950580, 1554911889, 1554896459, 1554866291, 1554796117, 1554768888, 1554742370, 1554691804, 1554654887]
[1554622308, 1554611416, 1554559485, 1554543668, 1554463802, 1554388829, 1554375090, 1554343213, 1554282135, 1554123687, 1554118793, 1554100159, 1554095848, 1554094907, 1554089920, 1554075606, 1554073876, 1554053444, 1554052673, 1554050020]
[1554049142, 1554048625, 1554027438, 1553993731, 1553993322, 1553991804, 1553974207, 1553967808, 1553962463, 1553957931, 1553872272, 1553842116, 1553790663, 1553784057, 1553603203, 1553574044, 1553516663, 1553480182, 1553354633, 1553332479]
[1553320588, 1553248246, 1553223688, 1553175068, 1553172126, 1553133557, 1553083615, 1553070393, 1553018520, 1553016493, 1553003343, 1552999626, 1552992939, 1552989810, 1552982092, 1552980026, 1552976693, 1552951776, 1552928334, 1552914024]
[1552826650, 1552797976, 1552792642, 1552788688, 1552785879, 1552694707, 1552665819, 1552649740, 1552649295, 1552637462, 1552628880, 1552582357, 1552573525, 1552569149, 1552567562, 1552566060, 1552566017, 1552552948, 1552541723, 1552526706]
[1552525707, 1552525088, 1552524004, 1552499967, 1552485456, 1552467070, 1552442791, 1552419697, 1552391503, 1552365560, 1552365385, 1552338914, 1552241144, 1552236831, 1552233667, 1552185526, 1552148485, 1552128925, 1552119201, 1552062125]
[1552059721, 1552051500, 1552022325, 1552010915, 1551963633, 1551926406, 1551901621, 1551890453, 1551889513, 1551888537, 1551868422, 1551856418, 1551831785, 1551829257, 1551805252, 1551790104, 1551748861, 1551735257, 1551717164, 1551713907]
[1551702313, 1551696374, 1551695435, 1551694534, 1551690347, 1551688886, 1551680441, 1551672425, 1551666550, 1551657610, 1551630247, 1551629228, 1551626102, 1551625506, 1551623346, 1551622863, 1551619360, 1551617541, 1551617520, 1551613253]
[1551611952, 1551603596, 1551601533, 1551600750, 1551600117, 1551593374, 1551591995, 1551589575, 1551586333, 1551584857, 1551583349, 1551582549, 1551577601, 1551577038, 1551574585, 1551573728, 1551573305, 1551572388, 1551571983, 1551561443]
[1551560923, 1551550007, 1551549247, 1551546140, 1551545511, 1551544558, 1551543539, 1551542966, 1551540392, 1551540149, 1551540000, 1551531335, 1551519004, 1551513027, 1551511165, 1551505681, 1551505306, 1551500079, 1551488638, 1551486456]
[1551470633, 1551465300, 1551459771, 1551458485, 1551458417, 1551458257, 1551458034, 1551457951, 1551457939, 1551396381, 1551356263, 1551354340, 1551289070, 1551279035, 1551263948, 1551240117, 1551224981, 1551150988, 1551080334, 1551036998]
[1551034932, 1551013526, 1550906365, 1550899537, 1550752526, 1550741520, 1550727912, 1550725700, 1550719115, 1550638720, 1550595256, 1550589943, 1550575447, 1550494402, 1550485136, 1550476299, 1550452028, 1550414591, 1550398957, 1550388584]
[1550325064, 1550300673, 1550287204, 1550276350, 1550263285, 1550149664, 1550148450, 1550140863, 1550074098, 1550071371, 1550045933, 1550036339, 1550019005, 1549991593, 1549960288, 1549937291, 1549903407, 1549806037, 1549786351, 1549699931]
[1549522779, 1549513532, 1549470943, 1549296521, 1549276639, 1549270888, 1549268842, 1549257846, 1549241747, 1549209260, 1549187746, 1549125276, 1549118727, 1549110966, 1549104091, 1549101592, 1549076326, 1549046155, 1548870687, 1548858651]
[1548767236, 1548765318, 1548599711, 1548558860, 1548484270, 1548426421, 1548359375, 1548338568, 1548287837, 1548261039, 1548252561, 1548176102, 1548084542, 1548057046, 1548029359, 1548003052, 1548000611, 1547981217, 1547951165, 1547886873]
[1547776731, 1547733833, 1547721938, 1547721156, 1547720810, 1547455002, 1547454711, 1547428614, 1547380096, 1547307086, 1547288386, 1547263408, 1547208929, 1547109464, 1547106824, 1547092928, 1547052571, 1547051462, 1546993333, 1546963906]
[1546955684, 1546948681, 1546945059, 1546931961, 1546928405, 1546875809, 1546836940, 1546760220, 1546679145, 1546674298, 1546652432, 1546602529, 1546599926, 1546526472, 1546522813, 1546493367, 1546484980, 1546477665, 1546462720, 1546448776]
[1546442951, 1546415393, 1546399268, 1546398334, 1546368002, 1546355115, 1546354918, 1546353332, 1546347208, 1546335223, 1546330538, 1546326089, 1546325985, 1546320587, 1546312578, 1546288213, 1546265713, 1546251702, 1546234444, 1546230308]
[1546199800, 1546183009, 1546182576, 1546182089, 1546176651, 1546176065, 1546176012, 1546168653, 1546166800, 1546165999, 1546164489, 1546162340, 1546149775, 1546091508, 1546083926, 1546062176, 1546056000, 1546021598, 1546005436, 1545896887]
[1545877316, 1545824584, 1545795367, 1545785654, 1545764282, 1545719017, 1545713325, 1545603113, 1545579408, 1545570326, 1545367200, 1545359849, 1545322365, 1545320717, 1545316875, 1545308868, 1545303295, 1545286925, 1545284794, 1545243240]
[1545235043, 1545210488, 1545154779, 1545119937, 1545093957, 1545018008, 1545016080, 1544975749, 1544972723, 1544932917, 1544923822, 1544923145, 1544809457, 1544770962, 1544751705, 1544715923, 1544715390, 1544701737, 1544696251, 1544628274]
[1544628021, 1544443720, 1544432780, 1544425214, 1544425182, 1544402980, 1544359974, 1544359949, 1544342814, 1544244532, 1544232581, 1544226001, 1544191491, 1544100805, 1544083879, 1544000339, 1543984234, 1543932909, 1543889747, 1543883618]
[1543859743, 1543848811, 1543822286, 1543821403, 1543810364, 1543799432, 1543775581, 1543772248, 1543764366, 1543741400, 1543738671, 1543737987, 1543639162, 1543631503, 1543558549, 1543532964, 1543500459, 1543486637, 1543477220, 1543476298]
[1543475109, 1543455967, 1543454067, 1543423494, 1543415966, 1543415638, 1543390609, 1543378623, 1543376421, 1543369511, 1543336619, 1543335758, 1543331678, 1543325310, 1543323686, 1543317225, 1543314693, 1543314448, 1543294384, 1543289329]
[1543286333, 1543285856, 1543284772, 1543283105, 1543248272, 1543242060, 1543232217, 1543220538, 1543214786, 1543143464, 1543083890, 1543082155, 1543079838, 1543077861, 1542991285, 1542986763, 1542984831, 1542983655, 1542975207, 1542973896]
[1542973791, 1542967492, 1542937969, 1542905465, 1542886772, 1542882637, 1542862260, 1542848662, 1542818280, 1542807147, 1542796753, 1542772093, 1542766934, 1542736812, 1542736769, 1542710486, 1542688019, 1542642608, 1542638044, 1542618064]
[1542544857, 1542531486, 1542442075, 1542440698, 1542437147, 1542436765, 1542425880, 1542425422, 1542421960, 1542412320, 1542381968, 1542378487, 1542375368, 1542372740, 1542370343, 1542368017, 1542359711, 1542346471, 1542345743, 1542343692]
[1542335163, 1542296094, 1542291611, 1542290344, 1542288093, 1542287749, 1542285795, 1542285507, 1542284816, 1542282794, 1542277819, 1542276098, 1542275731, 1542275248, 1542272838, 1542266910, 1542264653, 1542264097, 1542258600, 1542251484]
[1542247931, 1542238605, 1542238550, 1542222022, 1542201017, 1542200289, 1542195099, 1542193666, 1542190831, 1542188861, 1542187852, 1542183157, 1542180811, 1542173898, 1542173531, 1542171703, 1542170587, 1542168760, 1542168499, 1542166282]
[1542164155, 1542163545, 1542163461, 1542162296, 1542161164, 1542160510, 1542159439, 1542159035, 1542158674, 1542158320, 1542158247, 1542157174, 1542156725, 1542156187, 1542154414, 1542152172, 1542149377, 1542135435, 1542131602, 1542130395]
[1542127275, 1542126883, 1542125198, 1542124814, 1542123574, 1542123076, 1542122409, 1542122204, 1542121898, 1542121840, 1542121397, 1542121152, 1542121139, 1542120015, 1542119836, 1542118700, 1542117370, 1542116001, 1542115477, 1542115406]
[1542115288, 1542114880, 1542114133, 1542114062, 1542113704, 1542113226, 1542112715, 1542112173, 1542111695, 1542111556, 1542111243, 1542110808, 1542110577, 1542110419, 1542109893, 1542109878, 1542109777, 1542109161, 1542109100, 1542108677]
[1542108651, 1542108321, 1542108292, 1542108231, 1542107648, 1542107205, 1542106494, 1542106396, 1542105901, 1542105864, 1542105861, 1542104639, 1542104608, 1542104543, 1542103894, 1542103824, 1542102959, 1542102374, 1542101949, 1542101881]
[1542101782, 1542101454, 1542100669, 1542100284, 1542100278, 1542100201, 1542100062, 1542100061, 1542099962, 1542099959, 1542099852, 1542099849, 1542099567, 1542099540, 1542099433, 1542099264, 1542099179, 1542098937, 1542098191, 1542097925]
[1542097914, 1542097832, 1542097672, 1542097551, 1542097358, 1542097159, 1542097113, 1542096929, 1542096493, 1542095747, 1542095370, 1542095254, 1542094822, 1542094641, 1542094368, 1542094218, 1542094185, 1542094143, 1542094134, 1542093685]
[1542093459, 1542093208, 1542093076, 1542093050, 1542092842, 1542092829, 1542092727, 1542092483, 1542092449, 1542092281, 1542092083, 1542091936, 1542091755, 1542091738, 1542091231, 1542091080, 1542091025, 1542090637, 1542090435, 1542090301]
[1542090179, 1542090145, 1542089297, 1542088368, 1542088210, 1542087170, 1542085801, 1542085302, 1542084332, 1542084255, 1542084096, 1542083086, 1542081412, 1542080589, 1542074878, 1542071270, 1542047153, 1542040510, 1542038362, 1542038259]
[1542037608, 1542036773, 1542036269, 1542036055, 1542035415, 1542034667, 1542031752, 1542028020, 1542026840, 1542026005, 1542025681, 1542022328, 1542021347, 1542020924, 1542019543, 1542017890, 1542017791, 1542016732, 1542016245, 1542016241]
[1542014990, 1542014595, 1542013326, 1542012687, 1542011485, 1542008296]
