[1557320507, 1557289533, 1557275199, 1557250765, 1557196362, 1557167725, 1557157559, 1557154268, 1557147723, 1557116434, 1557069513, 1557049509, 1556966437, 1556964687, 1556898788, 1556873119, 1556870213, 1556866477, 1556856971, 1556846974, 1556294118]
[1556813650, 1556723270, 1556700535, 1556689376, 1556629617, 1556619635, 1556615670, 1556600607, 1556594181, 1556552356, 1556529141, 1556508557, 1556505226, 1556460711, 1556416544, 1556413983, 1556365421, 1556362161, 1556350153, 1556347151, 1556294118]
[1556341032, 1556339931, 1556331500, 1556319608, 1556301415, 1556296605, 1556294148, 1556294118, 1556248726, 1556243418, 1556211933, 1556204435, 1556203522, 1556116408, 1556012296, 1556004841, 1555943086, 1555940082, 1555938811, 1555937711, 1556294118]
[1555937312, 1555925625, 1555914100, 1555908788, 1555875781, 1555871479, 1555864633, 1555863088, 1555850045, 1555697828, 1555680778, 1555675204, 1555651118, 1555632891, 1555609850, 1555592153, 1555585862, 1555575431, 1555558526, 1555497466, 1556294118]
[1555497150, 1555471179, 1555469798, 1555438664, 1555434656, 1555426871, 1555420316, 1555418167, 1555416547, 1555415855, 1555409850, 1555402136, 1555398393, 1555346336, 1555337616, 1555328475, 1555312357, 1555309976, 1555293908, 1555291006, 1556294118]
[1555289337, 1555288299, 1555262857, 1555260217, 1555251466, 1555238143, 1555229595, 1555181157, 1555170918, 1555169468, 1555160950, 1555115450, 1555077754, 1555073355, 1555051909, 1554985120, 1554911042, 1554910164, 1554878325, 1554869869, 1556294118]
[1554865557, 1554862315, 1554829443, 1554798467, 1554798300, 1554776507, 1554743306, 1554721040, 1554703253, 1554689250, 1554688831, 1554687573, 1554684220, 1554683965, 1554675595, 1554666756, 1554658733, 1554638253, 1554613303, 1554613002, 1556294118]
[1554597167, 1554549183, 1554525434, 1554514375, 1554484604, 1554479038, 1554476831, 1554472519, 1554462136, 1554443236, 1554441775, 1554434875, 1554391713, 1554384017, 1554382917, 1554382620, 1554382135, 1554375510, 1554374407, 1554371710, 1556294118]
[1554350985, 1554304885, 1554303760, 1554301447, 1554274897, 1554266336, 1554252270, 1554245845, 1554220531, 1554217397, 1554216535, 1554193408, 1554190726, 1554175954, 1554174270, 1554171007, 1554170011, 1554166487, 1554163085, 1554162540, 1556294118]
[1554135358, 1554133981, 1554129591, 1554114815, 1554110162, 1554094540, 1554093959, 1554092621, 1554092567, 1554090901, 1554088201, 1554082790, 1554082553, 1554053880, 1554051809, 1554050491, 1554048835, 1554045173, 1554044948, 1554044594, 1556294118]
[1554044472, 1554037660, 1554026299, 1554011768, 1554009527, 1553965771, 1553949643, 1553946003, 1553867079, 1553855161, 1553850261, 1553794685, 1553781163, 1553769583, 1553760719, 1553755714, 1553708660, 1553682290, 1553608576, 1553598036, 1556294118]
[1553593911, 1553589957, 1553572224, 1553570924, 1553568808, 1553561775, 1553561065, 1553529128, 1553527370, 1553521976, 1553516882, 1553510249, 1553505133, 1553500954, 1553499467, 1553499321, 1553498380, 1553498105, 1553496546, 1553495753, 1556294118]
[1553495057, 1553493586, 1553492857, 1553492011, 1553490777, 1553489955, 1553489456, 1553485219, 1553484298, 1553481156, 1553474069, 1553456760, 1553448998, 1553446480, 1553445406, 1553444449, 1553444354, 1553444115, 1553435563, 1553425880, 1556294118]
[1553422120, 1553410879, 1553402701, 1553362936, 1553309943, 1553270800, 1553241855, 1553174061, 1553141592, 1553132742, 1553096187, 1553077037, 1553066929, 1553058512, 1553050349, 1553015851, 1553002150, 1553000363, 1552989222, 1552987094, 1556294118]
[1552980983, 1552973805, 1552926391, 1552925114, 1552924766, 1552924263, 1552921945, 1552920604, 1552920119, 1552919700, 1552917448, 1552915991, 1552914759, 1552913918, 1552912951, 1552906957, 1552905534, 1552905509, 1552905188, 1552893860, 1556294118]
[1552893576, 1552893568, 1552892150, 1552890920, 1552886747, 1552886076, 1552885379, 1552882824, 1552881814, 1552880557, 1552878298, 1552877052, 1552875815, 1552873108, 1552869827, 1552869633, 1552842588, 1552833453, 1552805936, 1552783123, 1556294118]
[1552755100, 1552738236, 1552725534, 1552702782, 1552700276, 1552675602, 1552668414, 1552665924, 1552665879, 1552659452, 1552651916, 1552642313, 1552632828, 1552564478, 1552563260, 1552524619, 1552481945, 1552441866, 1552439685, 1552415257, 1556294118]
[1552414390, 1552404452, 1552404152, 1552377887, 1552367405, 1552363792, 1552362894, 1552358566, 1552352022, 1552339834, 1552327600, 1552321732, 1552320492, 1552317450, 1552315452, 1552315403, 1552315287, 1552314823, 1552314570, 1552310561, 1556294118]
[1552309625, 1552308208, 1552307537, 1552303453, 1552296261, 1552292192, 1552289354, 1552289224, 1552288195, 1552287521, 1552285084, 1552279665, 1552279371, 1552278922, 1552278223, 1552276624, 1552273522, 1552271523, 1552271221, 1552270940, 1556294118]
[1552266833, 1552266433, 1552266224, 1552264799, 1552263817, 1552263041, 1552262827, 1552262508, 1552256648, 1552242871, 1552240394, 1552239067, 1552236315, 1552235166, 1552234576, 1552231845, 1552202456, 1552196156, 1552179768, 1552156883, 1556294118]
[1552147679, 1552147205, 1552141394, 1552112916, 1551964064, 1551955403, 1551947887, 1551946963, 1551930423, 1551889292, 1551874897, 1551849683, 1551845815, 1551802260, 1551792875, 1551788158, 1551766846, 1551754151, 1551754049, 1551744632, 1556294118]
[1551714012, 1551711970, 1551704924, 1551701139, 1551689272, 1551686001, 1551685479, 1551669568, 1551639330, 1551628818, 1551628008, 1551539712, 1551539555, 1551504524, 1551411462, 1551409965, 1551368712, 1551357522, 1551271299, 1551246818, 1556294118]
[1551201283, 1551199397, 1551194840, 1551156998, 1551121502, 1551116164, 1551112698, 1551110035, 1551105474, 1551102856, 1551102399, 1551094819, 1551094580, 1551091204, 1551089998, 1551089233, 1551088621, 1551071510, 1551070583, 1551069670, 1556294118]
[1551065355, 1551063354, 1551060491, 1551059198, 1551058479, 1551056095, 1551055170, 1551054900, 1551054636, 1551054365, 1551023826, 1551000437, 1550998406, 1550995571, 1550986559, 1550984453, 1550971236, 1550937750, 1550924799, 1550919128, 1556294118]
[1550889090, 1550847172, 1550835988, 1550822498, 1550817109, 1550806460, 1550776974, 1550763636, 1550754531, 1550721483, 1550687449, 1550684216, 1550681223, 1550680150, 1550673771, 1550646349, 1550645778, 1550632156, 1550597733, 1550597718, 1556294118]
[1550590035, 1550587664, 1550580515, 1550580185, 1550575029, 1550572737, 1550572172, 1550564359, 1550563389, 1550561555, 1550560778, 1550551818, 1550550791, 1550547197, 1550543611, 1550533010, 1550528333, 1550515877, 1550512705, 1550512289, 1556294118]
[1550505325, 1550505246, 1550504668, 1550503945, 1550502775, 1550502352, 1550501129, 1550497077, 1550496925, 1550494570, 1550489315, 1550486672, 1550486168, 1550484136, 1550483749, 1550483179, 1550483079, 1550481268, 1550478125, 1550475194, 1556294118]
[1550474750, 1550472927, 1550470762, 1550469895, 1550469735, 1550469639, 1550468508, 1550465217, 1550464300, 1550463533, 1550461354, 1550457214, 1550455557, 1550454412, 1550453367, 1550450981, 1550447956, 1550435352, 1550415927, 1550415570, 1556294118]
[1550396736, 1550388912, 1550327884, 1550327431, 1550318740, 1550299011, 1550239064, 1550233142, 1550231184, 1550227928, 1550218858, 1550214759, 1550206723, 1550204101, 1550191931, 1550168921, 1550166294, 1550150888, 1550072776, 1550066193, 1556294118]
[1550064476, 1550051697, 1549991929, 1549986366, 1549985419, 1549952786, 1549947980, 1549947713, 1549941929, 1549939134, 1549914440, 1549911866, 1549906794, 1549897367, 1549896745, 1549892831, 1549892060, 1549891249, 1549889205, 1549888743, 1556294118]
[1549887546, 1549886186, 1549884216, 1549879632, 1549869853, 1549867419, 1549865645, 1549863444, 1549863100, 1549862746, 1549862374, 1549861314, 1549846729, 1549830750, 1549806519, 1549806051, 1549797250, 1549793238, 1549789522, 1549789446, 1556294118]
[1549786397, 1549785564, 1549783510, 1549782383, 1549782212, 1549778127, 1549776095, 1549774886, 1549773049, 1549772697, 1549768894, 1549764087, 1549762810, 1549761163, 1549760563, 1549758289, 1549747461, 1549746614, 1549744755, 1549739159, 1556294118]
[1549737769, 1549734119, 1549726991, 1549722992, 1549719050, 1549716186, 1549716175, 1549713470, 1549712297, 1549710941, 1549705615, 1549705575, 1549705025, 1549701992, 1549696307, 1549694899, 1549667540, 1549667081, 1549649962, 1549648999, 1556294118]
[1549645214, 1549633469, 1549627545, 1549623624, 1549623063, 1549617835, 1549613041, 1549610983, 1549599738, 1549563623, 1549558447, 1549548397, 1549539099, 1549537968, 1549534736, 1549530702, 1549526773, 1549518238, 1549515283, 1549512118, 1556294118]
[1549507604, 1549503632, 1549501067, 1549498673, 1549474529, 1549466032, 1549462535, 1549461757, 1549445478, 1549432073, 1549431935, 1549424115, 1549423463, 1549417027, 1549408026, 1549392553, 1549383201, 1549377620, 1549372981, 1549367641, 1556294118]
[1549362597, 1549362570, 1549360798, 1549358043, 1549353860, 1549352059, 1549351365, 1549349172, 1549346615, 1549340790, 1549335090, 1549329720, 1549327835, 1549325025, 1549311928, 1549307329, 1549301003, 1549300442, 1549299638, 1549298532, 1556294118]
[1549296515, 1549296245, 1549289514, 1549288560, 1549287426, 1549282665, 1549276132, 1549275485, 1549272590, 1549271359, 1549271337, 1549269358, 1549268814, 1549268306, 1549267476, 1549267439, 1549266988, 1549266020, 1549265827, 1549265506, 1556294118]
[1549264908, 1549264814, 1549264281, 1549263541, 1549262155, 1549261924, 1549261397, 1549261130, 1549260324, 1549259640, 1549258984, 1549258800, 1549258545, 1549258418, 1549257592, 1549257589, 1549257484, 1549257428, 1549257218, 1549257184, 1556294118]
[1549256930, 1549256921, 1549256450, 1549253892, 1549252599, 1549251675, 1549250302, 1549250251, 1549248901, 1549247779, 1549247342, 1549247188, 1549247171, 1549246898, 1549245802, 1549244823, 1549244687, 1549244393, 1549244294, 1549244210, 1556294118]
[1549243334, 1549242172, 1549239029, 1549238981, 1549208756, 1549208547, 1549204652, 1549200693, 1549199963, 1549198179, 1549192214, 1549191579, 1549189412, 1549186901, 1549176707, 1549176604, 1549175908, 1549173916, 1549173909, 1549169542, 1556294118]
[1549168465, 1549168040, 1549165538, 1549158206, 1549148297, 1549126228, 1549124777, 1549124159, 1549124060, 1549123585, 1549121804, 1549116823, 1549106223, 1549105889, 1549102231, 1549091757, 1549080110, 1549077611, 1549076769, 1549074981, 1556294118]
[1549066598, 1549050087, 1549041527, 1549040187, 1549017989, 1549012679, 1549012101, 1549010288, 1549003849, 1548988382, 1548948455, 1548935274, 1548917233, 1548906261, 1548900421, 1548867131, 1548852324, 1548830493, 1548730413, 1548680151, 1556294118]
[1548676378, 1548672673, 1548666030, 1548665223, 1548645016, 1548642190, 1548637960, 1548600645, 1548580638, 1548579734, 1548564756, 1548519729, 1548512926, 1548494414, 1548483485, 1548469614, 1548348718, 1548348328, 1548342404, 1548335636, 1556294118]
[1548315559, 1548315246, 1548311145, 1548268050, 1548231069, 1548230711, 1548228297, 1548213634, 1548211090, 1548207356, 1548172328, 1548170699, 1548165819, 1548161839, 1548157922, 1548156894, 1548155548, 1548151919, 1548150916, 1548135561, 1556294118]
[1548133030, 1548128637, 1548119851, 1548108622, 1548089954, 1548089617, 1548087992, 1548086565, 1548085127, 1548083323, 1548076129, 1548070911, 1548070481, 1548069440, 1548064239, 1548059280, 1548058342, 1548057653, 1548054837, 1548050315, 1556294118]
[1548049970, 1548049686, 1548049646, 1548047025, 1548046660, 1548046542, 1548044643, 1548043663, 1548039505, 1548038604, 1548010546, 1547994640, 1547986912, 1547985738, 1547976665, 1547946839, 1547901186, 1547882488, 1547798302, 1547629468, 1556294118]
[1547567513, 1547560728, 1547554615, 1547553728, 1547539173, 1547530543, 1547485764, 1547443700, 1547432799, 1547420514, 1547387013, 1547360753, 1547351607, 1547350025, 1547349479, 1547336377, 1547279579, 1547277487, 1547257508, 1547211091, 1556294118]
[1547187100, 1547140143, 1547124692, 1547117363, 1547116609, 1547111534, 1547100401, 1547097436, 1547051908, 1547020666, 1547017076, 1547009122, 1547006043, 1547000035, 1546988934, 1546958677, 1546957066, 1546954130, 1546953154, 1546946558, 1556294118]
[1546944836, 1546943748, 1546936487, 1546931267, 1546930455, 1546929271, 1546927393, 1546923300, 1546922747, 1546922606, 1546919203, 1546914551, 1546914408, 1546912787, 1546912689, 1546911120, 1546907168, 1546888636, 1546887758, 1546884463, 1556294118]
[1546883453, 1546883381, 1546883317, 1546878735, 1546878143, 1546877873, 1546877054, 1546875342, 1546874900, 1546873366, 1546872269, 1546871748, 1546871590, 1546871557, 1546870701, 1546869704, 1546868499, 1546868493, 1546868142, 1546866942, 1556294118]
[1546861051, 1546860940, 1546855086, 1546850253, 1546846708, 1546845373, 1546840527, 1546784888, 1546781687, 1546773543, 1546771347, 1546768066, 1546761459, 1546712201, 1546675593, 1546670097, 1546658281, 1546657853, 1546638876, 1546628158, 1556294118]
[1546516782, 1546487652, 1546476237, 1546425991, 1546411762, 1546411414, 1546405917, 1546405142, 1546395067, 1546393854, 1546378948, 1546364542, 1546354060, 1546352988, 1546344694, 1546334852, 1546328733, 1546325298, 1546318793, 1546312513, 1556294118]
[1546309658, 1546298470, 1546270952, 1546265752, 1546263158, 1546261021, 1546255035, 1546254280, 1546246655, 1546244075, 1546242325, 1546231463, 1546219453, 1546216044, 1546198915, 1546197513, 1546193792, 1546189683, 1546185085, 1546184981, 1556294118]
[1546182136, 1546178788, 1546171618, 1546170426, 1546165102, 1546164177, 1546163057, 1546162247, 1546157400, 1546153454, 1546151190, 1546147059, 1546144834, 1546113502, 1546100971, 1546099709, 1546098320, 1546090219, 1546065453, 1546059045, 1556294118]
[1546058588, 1545996361, 1545993740, 1545914084, 1545869238, 1545845194, 1545839384, 1545796332, 1545764131, 1545749284, 1545734951, 1545733563, 1545704240, 1545668930, 1545655603, 1545653112, 1545650178, 1545632534, 1545623976, 1545623239, 1556294118]
[1545613872, 1545585155, 1545581781, 1545571031, 1545559555, 1545541741, 1545538541, 1545537603, 1545532576, 1545512819, 1545510847, 1545501945, 1545496145, 1545475783, 1545473641, 1545473622, 1545467144, 1545465124, 1545450491, 1545401245, 1556294118]
[1545400102, 1545388112, 1545385657, 1545356272, 1545309599, 1545293828, 1545155294, 1545148729, 1545133940, 1545104067, 1545068632, 1545023454, 1545022269, 1545021198, 1545020135, 1545017144, 1545009969, 1544965877, 1544952663, 1544946399, 1556294118]
[1544901206, 1544870587, 1544794013, 1544787811, 1544761839, 1544715075, 1544693903, 1544686956, 1544661888, 1544660105, 1544595337, 1544529719, 1544508457, 1544500319, 1544454943, 1544450319, 1544444314, 1544435510, 1544427366, 1544413911, 1556294118]
[1544413578, 1544411642, 1544408586, 1544371196, 1544352783, 1544347751, 1544328583, 1544326940, 1544289900, 1544282118, 1544282009, 1544263562, 1544259179, 1544256073, 1544196574, 1544188822, 1544177818, 1544173893, 1544091281, 1544069579, 1556294118]
[1544058706, 1544023308, 1544023013, 1543987652, 1543940687, 1543937517, 1543928776, 1543927751, 1543911405, 1543897696, 1543896870, 1543882426, 1543876796, 1543843353, 1543836251, 1543832359, 1543828960, 1543825741, 1543818664, 1543814599, 1556294118]
[1543806574, 1543806550, 1543806365, 1543805548, 1543800952, 1543768060, 1543761096, 1543741736, 1543739366, 1543735011, 1543729518, 1543728828, 1543720356, 1543715739, 1543710621, 1543682563, 1543678249, 1543673457, 1543671175, 1543670371, 1556294118]
[1543663237, 1543656891, 1543609118, 1543601551, 1543598413, 1543591548, 1543583978, 1543579201, 1543574468, 1543571866, 1543569019, 1543568966, 1543568194, 1543565511, 1543557746, 1543554422, 1543542577, 1543540514, 1543535838, 1543513116, 1556294118]
[1543510701, 1543509967, 1543507143, 1543504623, 1543484952, 1543483321, 1543483272, 1543477549, 1543476750, 1543476257, 1543467811, 1543461471, 1543453051, 1543448966, 1543423824, 1543401860, 1543386027, 1543385913, 1543385314, 1543381026, 1556294118]
[1543379054, 1543378761, 1543378560, 1543375182, 1543374375, 1543369277, 1543368339, 1543368330, 1543363990, 1543360618, 1543360193, 1543359712, 1543343113, 1543342449, 1543341427, 1543336581, 1543335948, 1543335376, 1543333842, 1543333617, 1556294118]
[1543331348, 1543330274, 1543328513, 1543324383, 1543321605, 1543320838, 1543317471, 1543316977, 1543316651, 1543316617, 1543316403, 1543316161, 1543316094, 1543315992, 1543315416, 1543315149, 1543314305, 1543313960, 1543313839, 1543304201, 1556294118]
[1543302894, 1543241969, 1543239148, 1543232035, 1543230783, 1543219684, 1543216395, 1543207377, 1543206388, 1543203162, 1543202812, 1543200542, 1543199469, 1543198700, 1543196466, 1543125123, 1543116777, 1543114993, 1543111309, 1543068099, 1556294118]
[1543064033, 1543062110, 1543061456, 1543046416, 1543027667, 1543025122, 1543003801, 1542983893, 1542972775, 1542969474, 1542957230, 1542953790, 1542951214, 1542948654, 1542903154, 1542864218, 1542861137, 1542849618, 1542839015, 1542824368, 1556294118]
[1542812828, 1542805334, 1542798954, 1542788251, 1542774482, 1542772534, 1542768836, 1542768240, 1542756377, 1542728694, 1542696065, 1542691970, 1542689935, 1542680783, 1542678781, 1542676127, 1542646991, 1542641515, 1542631120, 1542603979, 1556294118]
[1542602963, 1542590836, 1542588296, 1542551535, 1542535532, 1542520991, 1542489321, 1542480458, 1542465651, 1542457834, 1542452595, 1542452000, 1542449365, 1542431796, 1542421146, 1542419857, 1542389750, 1542386799, 1542382719, 1542365844, 1556294118]
[1542352327, 1542345532, 1542345025, 1542344904, 1542344390, 1542337434, 1542332732, 1542319090, 1542312953, 1542307396, 1542299953, 1542299060, 1542298199, 1542297800, 1542293944, 1542293099, 1542288310, 1542286808, 1542286741, 1542280544, 1556294118]
[1542279874, 1542278987, 1542278747, 1542272909, 1542271903, 1542270308, 1542269211, 1542269171, 1542263882, 1542263821, 1542262711, 1542262394, 1542259417, 1542259232, 1542258979, 1542258760, 1542258159, 1542257376, 1542257237, 1542255547, 1556294118]
[1542254246, 1542250480, 1542250387, 1542249395, 1542248560, 1542246040, 1542245033, 1542244144, 1542243717, 1542243307, 1542240617, 1542237648, 1542223377, 1542222602, 1542220757, 1542213403, 1542205505, 1542205002, 1542201625, 1542198713, 1556294118]
[1542198455, 1542196167, 1542195491, 1542192247, 1542191834, 1542190553, 1542187417, 1542185588, 1542185468, 1542185039, 1542183903, 1542180987, 1542180005, 1542179764, 1542179700, 1542179324, 1542178954, 1542178550, 1542178549, 1542178184, 1556294118]
[1542170029, 1542169945, 1542169797, 1542168384, 1542165094, 1542164924, 1542164673, 1542163756, 1542163070, 1542160675, 1542159564, 1542159448, 1542158995, 1542158975, 1542158864, 1542158829, 1542158617, 1542157706, 1542157070, 1542156657, 1556294118]
[1542156122, 1542155169, 1542153667, 1542152855, 1542152466, 1542148602, 1542146009, 1542145007, 1542137523, 1542136652, 1542136134, 1542134684, 1542131811, 1542130118, 1542128214, 1542127102, 1542126778, 1542125658, 1542125385, 1542124311, 1556294118]
[1542123622, 1542123438, 1542123257, 1542122102, 1542121464, 1542121321, 1542121270, 1542121207, 1542120769, 1542120753, 1542120606, 1542120146, 1542119931, 1542119867, 1542119811, 1542119730, 1542119599, 1542119294, 1542118633, 1542118300, 1556294118]
[1542117998, 1542117832, 1542117653, 1542116861, 1542114874, 1542114819, 1542114566, 1542114481, 1542114145, 1542114034, 1542114003, 1542113566, 1542113202, 1542112342, 1542112001, 1542111872, 1542111694, 1542110447, 1542110410, 1542109809, 1556294118]
[1542109705, 1542109218, 1542109203, 1542108923, 1542108849, 1542108780, 1542108755, 1542108726, 1542108694, 1542108660, 1542108649, 1542108568, 1542108487, 1542108469, 1542108250, 1542108200, 1542108157, 1542108088, 1542107502, 1542107470, 1556294118]
[1542107422, 1542107332, 1542107187, 1542107177, 1542107137, 1542107013, 1542106925, 1542106683, 1542106666, 1542106542, 1542106296, 1542106011, 1542105988, 1542105978, 1542105822, 1542105587, 1542105465, 1542105347, 1542105328, 1542105175, 1556294118]
[1542105056, 1542104795, 1542104512, 1542104480, 1542104355, 1542104054, 1542104005, 1542103819, 1542103770, 1542103699, 1542103696, 1542103684, 1542103594, 1542103521, 1542103515, 1542103490, 1542103444, 1542103352, 1542103348, 1542103233, 1556294118]
[1542103226, 1542103084, 1542103052, 1542102858, 1542102848, 1542102651, 1542102648, 1542102135, 1542102009, 1542101920, 1542101875, 1542101849, 1542101473, 1542101426, 1542101263, 1542101235, 1542101034, 1542100947, 1542100884, 1542100787, 1556294118]
[1542100660, 1542100570, 1542100492, 1542100300, 1542100132, 1542100131, 1542099934, 1542099800, 1542099666, 1542099665, 1542099622, 1542099437, 1542099410, 1542099305, 1542099214, 1542098997, 1542098913, 1542098630, 1542098616, 1542098589, 1556294118]
[1542098470, 1542098439, 1542098418, 1542098314, 1542098284, 1542098267, 1542098146, 1542098091, 1542098058, 1542097924, 1542097861, 1542097800, 1542097651, 1542097533, 1542097324, 1542097189, 1542097188, 1542097146, 1542097145, 1542096999, 1556294118]
[1542096793, 1542096790, 1542096768, 1542096689, 1542096619, 1542096580, 1542096558, 1542096455, 1542096450, 1542096407, 1542096406, 1542096353, 1542096314, 1542096235, 1542096217, 1542096198, 1542096127, 1542095995, 1542095958, 1542095782, 1556294118]
[1542095780, 1542095745, 1542095692, 1542095644, 1542095631, 1542095630, 1542095572, 1542095493, 1542095475, 1542095457, 1542095455, 1542095413, 1542095250, 1542095249, 1542095240, 1542095088, 1542095062, 1542095008, 1542094888, 1542094807, 1556294118]
[1542094777, 1542094748, 1542094629, 1542094540, 1542094537, 1542094510, 1542094444, 1542094115, 1542094043, 1542093922, 1542093922, 1542093913, 1542093740, 1542093726, 1542093694, 1542093588, 1542093530, 1542093519, 1542093433, 1542093239, 1556294118]
[1542093152, 1542093068, 1542092962, 1542092830, 1542092828, 1542092821, 1542092781, 1542092597, 1542092395, 1542092389, 1542092384, 1542092312, 1542092272, 1542092252, 1542092186, 1542092163, 1542092148, 1542092113, 1542092059, 1542092022, 1556294118]
[1542091933, 1542091803, 1542091756, 1542091660, 1542091543, 1542091199, 1542090980, 1542090825, 1542090820, 1542090541, 1542090522, 1542090516, 1542090467, 1542090387, 1542090352, 1542090204, 1542090103, 1542089700, 1542089256, 1542089212, 1556294118]
[1542088858, 1542088596, 1542088424, 1542088209, 1542088170, 1542087988, 1542087734, 1542087452, 1542087220, 1542087171, 1542086355, 1542085252, 1542084064, 1542083294, 1542081661, 1542080597, 1542077994, 1542074777, 1542073253, 1542057603, 1556294118]
[1542056121, 1542055541, 1542053245, 1542043602, 1542042682, 1542042197, 1542041924, 1542040611, 1542039701, 1542039629, 1542039341, 1542035751, 1542035280, 1542032434, 1542031026, 1542027979, 1542027053, 1542025203, 1542023074, 1542023071, 1556294118]
[1542022642, 1542022273, 1542022131, 1542021928, 1542021754, 1542021567, 1542021398, 1542020578, 1542019945, 1542019527, 1542019059, 1542018968, 1542018894, 1542018652, 1542017668, 1542017094, 1542016936, 1542016483, 1542016225, 1542015721, 1556294118]
[1542015683, 1542015679, 1542015465, 1542015364, 1542014040, 1542014032, 1542013371, 1542012531, 1542012396, 1542012320, 1542012319, 1542012052, 1542010976, 1542008231, 1539858510, 1539777977, 1539327154, 1539324225, 1539226096, 1539159767, 1556294118]
[1537531426, 1537524265, 1556294118]
