[1557222701, 1557129039, 1557065287, 1556900242, 1556523457, 1556288547, 1556283614, 1556122809, 1556116397, 1555860099, 1555806136, 1555689149, 1555465609, 1555429624, 1555424714, 1555247948, 1555160762, 1554996471, 1554985395, 1554978227]
[1554859771, 1554713316, 1554636309, 1554567102, 1554480689, 1554452029, 1554437748, 1554388695, 1554366667, 1554364930, 1554277594, 1554255975, 1554149289, 1553950181, 1553945780, 1553826450, 1553793595, 1553779791, 1553707818, 1553705484]
[1553677068, 1553535454, 1553534083, 1553517972, 1553514575, 1553395461, 1553394511, 1553387852, 1553359486, 1553331431, 1553308085, 1553270430, 1553151731, 1553144349, 1553081959, 1553075497, 1553066686, 1553008963, 1553001690, 1552965066]
[1552926356, 1552917228, 1552914677, 1552880901, 1552878600, 1552838239, 1552829937, 1552826186, 1552816340, 1552810379, 1552759366, 1552753294, 1552745247, 1552741887, 1552738754, 1552710605, 1552706275, 1552661888, 1552654482, 1552648848]
[1552625934, 1552615585, 1552581058, 1552579545, 1552572077, 1552539156, 1552485761, 1552455955, 1552411565, 1552370019, 1552369634, 1552362834, 1552312394, 1552260325, 1552258856, 1552232937, 1552231511, 1552226304, 1552213233, 1552172604]
[1552162667, 1552152629, 1552148355, 1552147735, 1552147314, 1552145330, 1552134420, 1552125159, 1552109931, 1552104735, 1552102031, 1552084073, 1552063206, 1552058827, 1552058728, 1552043841, 1552030789, 1552029984, 1552029103, 1552028134]
[1551993068, 1551986491, 1551964643, 1551960697, 1551948869, 1551940441, 1551940194, 1551937008, 1551935611, 1551933953, 1551892331, 1551888327, 1551887480, 1551875953, 1551872579, 1551869320, 1551852488, 1551851590, 1551850383, 1551846386]
[1551843912, 1551840106, 1551833159, 1551832853, 1551812947, 1551809934, 1551805376, 1551805171, 1551800191, 1551799672, 1551799428, 1551792104, 1551791942, 1551788421, 1551788204, 1551786236, 1551783348, 1551766486, 1551747438, 1551724098]
[1551719267, 1551719091, 1551716654, 1551713592, 1551711975, 1551708621, 1551706117, 1551703784, 1551700134, 1551699128, 1551693996, 1551693772, 1551689891, 1551687878, 1551677712, 1551675110, 1551674718, 1551673259, 1551665503, 1551664263]
[1551663783, 1551663681, 1551662399, 1551661168, 1551659444, 1551659009, 1551644528, 1551643052, 1551635324, 1551630495, 1551626858, 1551616477, 1551615327, 1551615301, 1551612924, 1551605927, 1551600901, 1551598797, 1551598118, 1551597535]
[1551595579, 1551595552, 1551595418, 1551591423, 1551589384, 1551586610, 1551585530, 1551576773, 1551574415, 1551550669, 1551548309, 1551547741, 1551547475, 1551545046, 1551544675, 1551541607, 1551538841, 1551536350, 1551536234, 1551535881]
[1551535759, 1551531088, 1551531017, 1551530809, 1551529212, 1551528293, 1551525077, 1551522276, 1551522243, 1551519994, 1551519601, 1551519330, 1551518122, 1551515262, 1551507205, 1551507117, 1551505875, 1551504133, 1551501324, 1551501262]
[1551495929, 1551492845, 1551492453, 1551483597, 1551460719, 1551459018, 1551457529, 1551457065, 1551456939, 1551455873, 1551454265, 1551451868, 1551451841, 1551450228, 1551449217, 1551447564, 1551447270, 1551446469, 1551445903, 1551441989]
[1551441962, 1551441391, 1551441238, 1551439951, 1551438439, 1551437964, 1551437771, 1551435645, 1551434764, 1551434411, 1551433478, 1551432614, 1551431033, 1551426158, 1551421375, 1551420913, 1551419850, 1551417064, 1551416839, 1551415345]
[1551414269, 1551413338, 1551413253, 1551412019, 1551411891, 1551410874, 1551410018, 1551407830, 1551407784, 1551407572, 1551406561, 1551405830, 1551405719, 1551404681, 1551404441, 1551402401, 1551402262, 1551401301, 1551400276, 1551389322]
[1551379401, 1551378093, 1551376642, 1551375412, 1551374905, 1551372262, 1551372085, 1551371672, 1551371220, 1551370860, 1551370672, 1551370578, 1551370565, 1551369894, 1551369646, 1551369381, 1551369144, 1551368424, 1551367972, 1551365756]
[1551364521, 1551363589, 1551363553, 1551363454, 1551362542, 1551361702, 1551358164, 1551357064, 1551355956, 1551355916, 1551352153, 1551347977, 1551346828, 1551343405, 1551341173, 1551339675, 1551338974, 1551337696, 1551336926, 1551336097]
[1551333905, 1551333547, 1551333505, 1551333467, 1551332742, 1551332102, 1551330066, 1551329496, 1551328864, 1551328864, 1551326591, 1551326577, 1551323678, 1551323577, 1551318965, 1551316534, 1551300730, 1551296608, 1551294205, 1551290863]
[1551290010, 1551287954, 1551287587, 1551287230, 1551287128, 1551285688, 1551285155, 1551284844, 1551284552, 1551284231, 1551283688, 1551283487, 1551282975, 1551282909, 1551281770, 1551281366, 1551280059, 1551279806, 1551278863, 1551278430]
[1551276560, 1551276477, 1551275953, 1551274450, 1551273931, 1551272830, 1551272475, 1551272402, 1551272241, 1551270965, 1551270833, 1551270526, 1551269247, 1551268722, 1551267738, 1551263813, 1551263699, 1551262898, 1551262137, 1551259906]
[1551258614, 1551258583, 1551256045, 1551255694, 1551255065, 1551252818, 1551248399, 1551247953, 1551243956, 1551243623, 1551243531, 1551241280, 1551240108, 1551237477, 1551237323, 1551235650, 1551230580, 1551229686, 1551205092, 1551202454]
[1551200834, 1551200425, 1551200228, 1551199955, 1551198771, 1551198571, 1551198470, 1551198223, 1551198084, 1551197727, 1551196908, 1551196161, 1551194877, 1551194837, 1551194368, 1551191444, 1551191060, 1551190218, 1551189872, 1551189575]
[1551189378, 1551188757, 1551187986, 1551187591, 1551187214, 1551186089, 1551185130, 1551184091, 1551183809, 1551178206, 1551177028, 1551176313, 1551173088, 1551170230, 1551167844, 1551167592, 1551164359, 1551161253, 1551158041, 1551156915]
[1551153085, 1551152337, 1551151528, 1551151184, 1551151104, 1551146885, 1551145570, 1551122849, 1551119976, 1551118226, 1551116018, 1551115508, 1551114572, 1551114317, 1551111541, 1551110592, 1551110565, 1551109471, 1551109416, 1551108897]
[1551108862, 1551108791, 1551108096, 1551106703, 1551106448, 1551105357, 1551104932, 1551104836, 1551104671, 1551102310, 1551100566, 1551100221, 1551098948, 1551098098, 1551093292, 1551093023, 1551092627, 1551092430, 1551092223, 1551090806]
[1551089809, 1551089289, 1551087903, 1551086732, 1551086386, 1551085835, 1551081069, 1551080656, 1551078545, 1551077821, 1551077493, 1551076759, 1551075838, 1551075636, 1551075358, 1551074457, 1551073298, 1551072809, 1551072211, 1551070513]
[1551069199, 1551068958, 1551068597, 1551068478, 1551068349, 1551066593, 1551066435, 1551065362, 1551064581, 1551063699, 1551063519, 1551062549, 1551061732, 1551058421, 1551056318, 1551055274, 1551054579, 1551054217, 1551052738, 1551052372]
[1551050720, 1551050350, 1551048872, 1551046842, 1551046540, 1551036707, 1551036603, 1551031578, 1551028642, 1551027110, 1551026032, 1551025899, 1551024586, 1551023332, 1551023270, 1551022994, 1551022962, 1551022836, 1551021938, 1551021658]
[1551021639, 1551021432, 1551021274, 1551021149, 1551020836, 1551020328, 1551019534, 1551019411, 1551019245, 1551018727, 1551018127, 1551017982, 1551017812, 1551016811, 1551016777, 1551016719, 1551016592, 1551016472, 1551015337, 1551015258]
[1551015094, 1551014557, 1551014296, 1551013827, 1551013762, 1551013280, 1551013199, 1551012695, 1551012284, 1551011313, 1551011060, 1551010868, 1551010516, 1551010415, 1551010024, 1551009138, 1551008993, 1551008870, 1551008548, 1551008516]
[1551007992, 1551006624, 1551004678, 1551003885, 1551003201, 1551003177, 1551003169, 1551003159, 1551003131, 1551003123, 1551003059, 1551002905, 1551002088, 1551001914, 1551001808, 1551000233, 1551000063, 1550998991, 1550998410, 1550998319]
[1550997683, 1550997546, 1550997162, 1550996997, 1550996517, 1550996186, 1550995832, 1550994923, 1550994478, 1550994377, 1550994270, 1550994110, 1550992242, 1550992013, 1550991991, 1550991536, 1550991281, 1550991069, 1550990810, 1550989878]
[1550989043, 1550988953, 1550988736, 1550988338, 1550987993, 1550987099, 1550986630, 1550986418, 1550986234, 1550985737, 1550985038, 1550984341, 1550984090, 1550983261, 1550982503, 1550982359, 1550982103, 1550981900, 1550981514, 1550981317]
[1550981226, 1550980970, 1550979654, 1550978849, 1550978765, 1550978153, 1550977789, 1550977766, 1550977278, 1550976902, 1550976853, 1550976813, 1550975331, 1550975057, 1550973639, 1550973431, 1550971895, 1550970907, 1550970585, 1550970363]
[1550970160, 1550969973, 1550968995, 1550968719, 1550967740, 1550966717, 1550966063, 1550965828, 1550965467, 1550964921, 1550962130, 1550961062, 1550959135, 1550953233, 1550951870, 1550951750, 1550951740, 1550950068, 1550949231, 1550947683]
[1550946512, 1550946304, 1550945753, 1550945304, 1550943937, 1550943645, 1550943515, 1550943272, 1550943117, 1550942779, 1550942291, 1550941887, 1550941817, 1550941702, 1550941532, 1550941427, 1550941303, 1550941179, 1550941014, 1550940917]
[1550940851, 1550940609, 1550940599, 1550940265, 1550939917, 1550939749, 1550939521, 1550939450, 1550939419, 1550939210, 1550938360, 1550938282, 1550938243, 1550938179, 1550937372, 1550937339, 1550937241, 1550936960, 1550936825, 1550936807]
[1550936575, 1550936485, 1550936485, 1550936298, 1550936223, 1550936115, 1550935621, 1550935566, 1550935491, 1550934910, 1550934686, 1550934670, 1550934513, 1550934482, 1550934354, 1550934274, 1550933871, 1550933865, 1550933800, 1550933645]
[1550933599, 1550932953, 1550932913, 1550932894, 1550932419, 1550932203, 1550932122, 1550932005, 1550931885, 1550931858, 1550931814, 1550931383, 1550930779, 1550930548, 1550930063, 1550929480, 1550929297, 1550928962, 1550928761, 1550928569]
[1550928534, 1550928477, 1550928442, 1550928224, 1550928111, 1550927871, 1550927794, 1550927568, 1550927402, 1550926656, 1550926549, 1550926479, 1550926140, 1550925301, 1550925248, 1550925122, 1550924981, 1550924903, 1550924690, 1550924176]
[1550923737, 1550923701, 1550923366, 1550922990, 1550922764, 1550922603, 1550922016, 1550921774, 1550921583, 1550921293, 1550921178, 1550921127, 1550920871, 1550920330, 1550920282, 1550920280, 1550920251, 1550920199, 1550920129, 1550919648]
[1550919506, 1550919039, 1550918753, 1550918621, 1550917959, 1550917241, 1550917004, 1550916828, 1550916737, 1550916706, 1550916337, 1550916336, 1550915873, 1550915765, 1550915761, 1550915017, 1550914761, 1550914561, 1550914519, 1550914117]
[1550913788, 1550913787, 1550913545, 1550913174, 1550913152, 1550913134, 1550912899, 1550912713, 1550912657, 1550912448, 1550912416, 1550912259, 1550912191, 1550912106, 1550912008, 1550911860, 1550911817, 1550911753, 1550911719, 1550911635]
[1550911626, 1550911317, 1550911247, 1550911203, 1550911126, 1550910714, 1550910488, 1550910115, 1550909585, 1550909425, 1550909130, 1550908757, 1550908396, 1550907928, 1550907681, 1550907638, 1550907624, 1550906694, 1550906405, 1550906305]
[1550906287, 1550906096, 1550905684, 1550905566, 1550905426, 1550905171, 1550905015, 1550904519, 1550904294, 1550903965, 1550903571, 1550902984, 1550902930, 1550902756, 1550902639, 1550902061, 1550901784, 1550901610, 1550901608, 1550901347]
[1550900314, 1550900273, 1550900256, 1550899813, 1550899438, 1550898207, 1550898131, 1550897995, 1550897668, 1550897517, 1550897240, 1550896879, 1550896658, 1550896410, 1550896356, 1550896047, 1550895531, 1550895222, 1550895188, 1550895058]
[1550894944, 1550894499, 1550894290, 1550893835, 1550893740, 1550892226, 1550891868, 1550891820, 1550891737, 1550891562, 1550891065, 1550890600, 1550890252, 1550890242, 1550890226, 1550890129, 1550889909, 1550889888, 1550889329, 1550889149]
[1550889147, 1550888910, 1550888897, 1550888035, 1550887633, 1550887304, 1550887063, 1550886393, 1550885910, 1550885802, 1550885059, 1550884987, 1550884916, 1550884470, 1550884379, 1550883732, 1550883432, 1550883093, 1550882453, 1550882241]
[1550881507, 1550880391, 1550876882, 1550875999, 1550874061, 1550869243, 1550866558, 1550865548, 1550864618, 1550860930, 1550860688, 1550860632, 1550860430, 1550860024, 1550859944, 1550859678, 1550859148, 1550858661, 1550858160, 1550857442]
[1550857437, 1550857160, 1550857091, 1550857074, 1550856886, 1550856664, 1550856536, 1550855940, 1550855722, 1550854764, 1550854757, 1550854415, 1550854404, 1550854238, 1550853623, 1550853580, 1550853496, 1550853488, 1550853261, 1550852992]
[1550852549, 1550852501, 1550852436, 1550851990, 1550851989, 1550851957, 1550851631, 1550851580, 1550851562, 1550851510, 1550851470, 1550851180, 1550851174, 1550851158, 1550850794, 1550850733, 1550850621, 1550850266, 1550849641, 1550849613]
[1550849564, 1550849529, 1550849017, 1550848892, 1550848480, 1550848445, 1550848399, 1550848286, 1550848155, 1550848003, 1550847934, 1550847739, 1550847735, 1550847180, 1550847153, 1550846761, 1550846684, 1550846675, 1550846209, 1550845882]
[1550845854, 1550845839, 1550844974, 1550844945, 1550844908, 1550844225, 1550844135, 1550843703, 1550843053, 1550843007, 1550842774, 1550842594, 1550842594, 1550842337, 1550842310, 1550842231, 1550842185, 1550842046, 1550841818, 1550841576]
[1550841393, 1550841087, 1550840651, 1550840566, 1550840287, 1550840212, 1550839997, 1550839977, 1550839887, 1550839279, 1550839163, 1550838482, 1550838048, 1550838017, 1550837937, 1550837438, 1550837402, 1550837169, 1550837085, 1550836996]
[1550836862, 1550836774, 1550836741, 1550836424, 1550835532, 1550835226, 1550834687, 1550834095, 1550833398, 1550833394, 1550833357, 1550833352, 1550833320, 1550833248, 1550833107, 1550833090, 1550832961, 1550832753, 1550832731, 1550832530]
[1550832189, 1550832040, 1550831458, 1550830943, 1550830899, 1550830413, 1550830409, 1550829956, 1550829897, 1550829768, 1550829727, 1550829637, 1550829535, 1550829493, 1550829480, 1550829366, 1550829322, 1550829239, 1550829137, 1550829044]
[1550829007, 1550828585, 1550828574, 1550828550, 1550828338, 1550828260, 1550827907, 1550827842, 1550827819, 1550827816, 1550827543, 1550827519, 1550827432, 1550827199, 1550827132, 1550826653, 1550825883, 1550825844, 1550825814, 1550825487]
[1550825486, 1550825467, 1550824852, 1550824340, 1550824226, 1550823956, 1550823844, 1550823811, 1550823774, 1550822935, 1550822543, 1550822392, 1550821514, 1550821164, 1550820805, 1550820373, 1550820175, 1550819933, 1550819684, 1550819680]
[1550819575, 1550819530, 1550819117, 1550817123, 1550816763, 1550816420, 1550816408, 1550816395, 1550816391, 1550816385, 1550816375, 1550816359, 1550816354, 1550816351, 1550816347, 1550816176, 1550816172, 1550816170, 1550816104, 1550815850]
[1550815355, 1550815184, 1550815147, 1550815126, 1550815122, 1550814969, 1550814712, 1550814341, 1550814189, 1550813802, 1550813391, 1550813320, 1550813294, 1550812239, 1550812147, 1550811828, 1550811694, 1550811466, 1550811194, 1550811088]
[1550811061, 1550810793, 1550810710, 1550810581, 1550810057, 1550809977, 1550809028, 1550808913, 1550808490, 1550808086, 1550807942, 1550807606, 1550807313, 1550807258, 1550806746, 1550806382, 1550806255, 1550805836, 1550805715, 1550805639]
[1550805497, 1550805147, 1550804734, 1550804556, 1550803969, 1550803708, 1550803659, 1550803550, 1550803349, 1550803201, 1550803155, 1550802992, 1550802468, 1550800628, 1550800616, 1550800162, 1550800143, 1550800128, 1550799201, 1550799106]
[1550798535, 1550797396, 1550797384, 1550796569, 1550796243, 1550796037, 1550795695, 1550795680, 1550794295, 1550793981, 1550792888, 1550791467, 1550790952, 1550790697, 1550785603, 1550782641, 1550780077, 1550779076, 1550778206, 1550778021]
[1550777996, 1550777639, 1550777250, 1550776580, 1550775950, 1550775586, 1550775157, 1550775008, 1550774465, 1550774033, 1550773695, 1550773008, 1550772729, 1550771943, 1550770817, 1550769820, 1550769415, 1550769318, 1550768947, 1550768421]
[1550768328, 1550768138, 1550768060, 1550768039, 1550767659, 1550767476, 1550767456, 1550767427, 1550767331, 1550766989, 1550766899, 1550766713, 1550766707, 1550766685, 1550766682, 1550766651, 1550766577, 1550766518, 1550766379, 1550766079]
[1550765879, 1550765837, 1550765757, 1550765652, 1550765620, 1550765568, 1550765481, 1550765448, 1550765404, 1550765276, 1550765229, 1550765207, 1550765140, 1550765131, 1550765083, 1550765034, 1550764977, 1550764951, 1550764501, 1550764086]
[1550763542, 1550762852, 1550759452, 1550758866, 1550756474, 1550756264, 1550754784, 1550748422, 1550747498, 1550745538, 1550745344, 1550745047, 1550744733, 1550744031, 1550743700, 1550742450, 1550742373, 1550740557, 1550739150, 1550738436]
[1550735790, 1550735200, 1550734844, 1550733756, 1550733659, 1550733498, 1550733292, 1550732699, 1550731879, 1550731507, 1550730882, 1550729401, 1550727746, 1550727166, 1550727161, 1550726712, 1550726496, 1550726180, 1550725608, 1550725450]
[1550724642, 1550724185, 1550724082, 1550723866, 1550723582, 1550723523, 1550723515, 1550722592, 1550721844, 1550721760, 1550721657, 1550721638, 1550720355, 1550719969, 1550719736, 1550715983, 1550712913, 1550704916, 1550692328, 1550691266]
[1550688470, 1550688329, 1550686797, 1550686785, 1550686785, 1550686783, 1550686782, 1550686782, 1550686774, 1550686772, 1550686771, 1550686769, 1550686768, 1550686766, 1550686763, 1550686761, 1550686760, 1550686758, 1550686758, 1550686756]
[1550686755, 1550686754, 1550686753, 1550686748, 1550686743, 1550686740, 1550686736, 1550686732, 1550686730, 1550686729, 1550686728, 1550686722, 1550686720, 1550686715, 1550686713, 1550686712, 1550686711, 1550686709, 1550686709, 1550686707]
[1550686707, 1550686706, 1550686705, 1550686696, 1550686687, 1550686685, 1550686685, 1550686683, 1550686681, 1550686681, 1550686678, 1550686674, 1550686669, 1550686659, 1550686650, 1550686645, 1550686644, 1550686642, 1550686640, 1550686640]
[1550686637, 1550686634, 1550686634, 1550686624, 1550686624, 1550686621, 1550686620, 1550686619, 1550686618, 1550686616, 1550686616, 1550686614, 1550686611, 1550686606, 1550686602, 1550686600, 1550686598, 1550686596, 1550686593, 1550686590]
[1550686588, 1550686587, 1550686585, 1550686585, 1550686572, 1550686563, 1550686549, 1550686537, 1550686535, 1550686532, 1550686530, 1550686521, 1550686519, 1550686509, 1550686507, 1550686505, 1550686502, 1550686500, 1550686495, 1550686492]
[1550686489, 1550686489, 1550686487, 1550686487, 1550686485, 1550686484, 1550686474, 1550686473, 1550686467, 1550686462, 1550686461, 1550686460, 1550686459, 1550686458, 1550686457, 1550686456, 1550686456, 1550686454, 1550686453, 1550686446]
[1550686432, 1550686431, 1550686430, 1550686428, 1550686426, 1550686424, 1550686421, 1550686418, 1550686417, 1550686415, 1550686414, 1550686413, 1550686412, 1550686410, 1550686409, 1550686406, 1550686401, 1550686378, 1550686377, 1550686377]
[1550686375, 1550686375, 1550686374, 1550686372, 1550686371, 1550686370, 1550686367, 1550686365, 1550686363, 1550686360, 1550686350, 1550686349, 1550686347, 1550686345, 1550686340, 1550686338, 1550686318, 1550686302, 1550686298, 1550686298]
[1550686296, 1550686296, 1550686294, 1550686294, 1550686292, 1550686291, 1550686285, 1550686281, 1550686279, 1550686276, 1550686274, 1550686274, 1550686272, 1550686271, 1550686271, 1550686270, 1550686268, 1550686268, 1550686266, 1550686264]
[1550686264, 1550686261, 1550686261, 1550686258, 1550686249, 1550686245, 1550686242, 1550686195, 1550686191, 1550686186, 1550686183, 1550686179, 1550686160, 1550686149, 1550686145, 1550686140, 1550686138, 1550686137, 1550686135, 1550686133]
[1550686133, 1550686131, 1550686129, 1550686101, 1550686059, 1550686057, 1550686056, 1550686056, 1550686054, 1550686054, 1550686052, 1550686051, 1550686049, 1550686048, 1550686046, 1550686042, 1550686035, 1550686033, 1550686031, 1550686031]
[1550686029, 1550686029, 1550686027, 1550686027, 1550686024, 1550686022, 1550686020, 1550686018, 1550686016, 1550686015, 1550686014, 1550686014, 1550686012, 1550686012, 1550686010, 1550686007, 1550686004, 1550686002, 1550686000, 1550685999]
[1550685998, 1550685997, 1550685997, 1550685995, 1550685995, 1550685994, 1550685992, 1550685992, 1550685990, 1550685989, 1550685986, 1550685984, 1550685983, 1550685982, 1550685980, 1550685979, 1550685975, 1550685972, 1550685970, 1550685969]
[1550685969, 1550685968, 1550685966, 1550685965, 1550685961, 1550685959, 1550685956, 1550685956, 1550685955, 1550685955, 1550685954, 1550685953, 1550685952, 1550685952, 1550685951, 1550685939, 1550685937, 1550685935, 1550685934, 1550685932]
[1550685930, 1550685927, 1550685926, 1550685924, 1550685923, 1550685923, 1550685921, 1550685921, 1550685919, 1550685919, 1550685917, 1550685916, 1550685914, 1550685914, 1550685913, 1550685911, 1550685911, 1550685909, 1550685909, 1550685907]
[1550685904, 1550685904, 1550685902, 1550685899, 1550685897, 1550685896, 1550685893, 1550685893, 1550685891, 1550685888, 1550685885, 1550685884, 1550685883, 1550685881, 1550685879, 1550685878, 1550685854, 1550685853, 1550685851, 1550685849]
[1550685848, 1550685845, 1550685831, 1550685830, 1550685828, 1550685828, 1550685825, 1550685825, 1550685823, 1550685821, 1550685820, 1550685809, 1550685807, 1550685804, 1550685801, 1550685799, 1550685790, 1550685787, 1550685786, 1550685785]
[1550685782, 1550685782, 1550685780, 1550685777, 1550685776, 1550685767, 1550685762, 1550685759, 1550685756, 1550685753, 1550685751, 1550685737, 1550685733, 1550685729, 1550685728, 1550685727, 1550685724, 1550685722, 1550685719, 1550685716]
[1550685712, 1550685702, 1550685692, 1550685692, 1550685690, 1550685689, 1550685687, 1550685685, 1550685685, 1550685681, 1550685675, 1550685665, 1550685661, 1550685660, 1550685657, 1550685657, 1550685655, 1550685653, 1550685652, 1550685650]
[1550685645, 1550685623, 1550685618, 1550685614, 1550685613, 1550685610, 1550685610, 1550685608, 1550685605, 1550685602, 1550685599, 1550685579, 1550685577, 1550685576, 1550685574, 1550685573, 1550685571, 1550685568, 1550685557, 1550685554]
[1550685553, 1550685551, 1550685548, 1550685546, 1550685542, 1550685530, 1550685470, 1550685465, 1550685462, 1550685457, 1550685453, 1550685444, 1550685441, 1550685438, 1550685435, 1550685430, 1550685405, 1550685401, 1550685398, 1550685395]
[1550685392, 1550685381, 1550685378, 1550685376, 1550685372, 1550685365, 1550685353, 1550685350, 1550685347, 1550685344, 1550685341, 1550685317, 1550685313, 1550685310, 1550685307, 1550685303, 1550685288, 1550685284, 1550685281, 1550685272]
[1550685267, 1550685255, 1550685251, 1550685249, 1550685246, 1550685242, 1550685218, 1550685214, 1550685211, 1550685208, 1550685156, 1550685146, 1550685143, 1550685141, 1550685138, 1550685134, 1550685122, 1550685119, 1550685116, 1550685112]
[1550685110, 1550685100, 1550685097, 1550685094, 1550685091, 1550685088, 1550685077, 1550685074, 1550685072, 1550685068, 1550685065, 1550685035, 1550685032, 1550685028, 1550685025, 1550685022, 1550685010, 1550685007, 1550685004, 1550685000]
[1550684997, 1550684964, 1550684960, 1550684957, 1550684954, 1550684951, 1550684935, 1550684932, 1550684929, 1550684926, 1550684923, 1550684901, 1550684897, 1550684894, 1550684891, 1550684832, 1550684809, 1550684805, 1550684801, 1550684797]
[1550684791, 1550684759, 1550684746, 1550684743, 1550684740, 1550684721, 1550683745, 1550683687, 1550683505, 1550683449, 1550683380, 1550683376, 1550683374, 1550683371, 1550683367, 1550683344, 1550683334, 1550683228, 1550683217, 1550683214]
[1550683213, 1550683211, 1550683207, 1550683206, 1550683206, 1550683202, 1550683190, 1550683186, 1550683172, 1550683138, 1550683125, 1550683122, 1550683119, 1550683114, 1550683111, 1550683104, 1550683096, 1550683088, 1550683051, 1550683043]
[1550683040, 1550683038, 1550683035, 1550682961, 1550682953, 1550682950, 1550682947, 1550682943, 1550682940, 1550682912, 1550682901, 1550682899, 1550682894, 1550682890, 1550682886, 1550682882, 1550682882, 1550682875, 1550682872, 1550682870]
[1550682868, 1550682867, 1550682865, 1550682864, 1550682863, 1550682862, 1550682860, 1550682859, 1550682858, 1550682856, 1550682853, 1550682851, 1550682849, 1550682845, 1550682844, 1550682842, 1550682842, 1550682839, 1550682837, 1550682834]
[1550682830, 1550682818, 1550682815, 1550682799, 1550682798, 1550682798, 1550682795, 1550682793, 1550682793, 1550682786, 1550682783, 1550682783, 1550682781, 1550682779, 1550682768, 1550682764, 1550682764, 1550682762, 1550682760, 1550682758]
[1550682756, 1550682746, 1550682745, 1550682743, 1550682742, 1550682740, 1550682740, 1550682737, 1550682737, 1550682737, 1550682735, 1550682733, 1550682732, 1550682718, 1550682700, 1550682698, 1550682696, 1550682694, 1550682694, 1550682692]
[1550682691, 1550682678, 1550682677, 1550682675, 1550682672, 1550682670, 1550682639, 1550682636, 1550682628, 1550682620, 1550682602, 1550682581, 1550682577, 1550682575, 1550682573, 1550682573, 1550682570, 1550682569, 1550682555, 1550682552]
[1550682516, 1550682509, 1550682502, 1550682498, 1550682495, 1550682491, 1550682488, 1550682487, 1550682484, 1550682477, 1550682474, 1550682471, 1550682465, 1550682438, 1550682423, 1550682420, 1550682417, 1550682413, 1550682407, 1550682282]
[1550682279, 1550682272, 1550682268, 1550681748, 1550681745, 1550681741, 1550681738, 1550681736, 1550681727, 1550681724, 1550681722, 1550681720, 1550681717, 1550681703, 1550681701, 1550681698, 1550681696, 1550681693, 1550681685, 1550681679]
[1550681676, 1550681674, 1550681671, 1550681668, 1550681657, 1550681655, 1550681652, 1550681649, 1550681647, 1550681633, 1550681631, 1550681629, 1550681626, 1550681623, 1550681613, 1550681610, 1550681608, 1550681605, 1550681603, 1550681590]
[1550681588, 1550681585, 1550681582, 1550681577, 1550681563, 1550681559, 1550681555, 1550681552, 1550681545, 1550681526, 1550681521, 1550681518, 1550681516, 1550681514, 1550681457, 1550681454, 1550681452, 1550681449, 1550681446, 1550681436]
[1550681434, 1550681431, 1550681428, 1550681421, 1550681404, 1550681402, 1550681400, 1550681398, 1550681395, 1550681386, 1550681383, 1550681381, 1550681378, 1550681373, 1550681364, 1550681361, 1550681359, 1550681357, 1550681354, 1550681332]
[1550681330, 1550681327, 1550681325, 1550681323, 1550681308, 1550681306, 1550681303, 1550681302, 1550681301, 1550681299, 1550681291, 1550681289, 1550681286, 1550681284, 1550681282, 1550681274, 1550681271, 1550681269, 1550681267, 1550681264]
[1550681255, 1550681253, 1550681251, 1550681248, 1550681246, 1550681233, 1550681231, 1550681229, 1550681227, 1550681225, 1550681215, 1550681205, 1550681201, 1550681198, 1550681195, 1550681095, 1550681090, 1550681088, 1550681085, 1550681082]
[1550680637, 1550680632, 1550680630, 1550680627, 1550680615, 1550680611, 1550680608, 1550680606, 1550680604, 1550680586, 1550680584, 1550680581, 1550680578, 1550680575, 1550680558, 1550680555, 1550680553, 1550680550, 1550680547, 1550680481]
[1550680478, 1550680475, 1550680471, 1550680467, 1550680400, 1550680398, 1550680395, 1550680269, 1550680267, 1550680265, 1550680262, 1550680260, 1550680137, 1550680134, 1550680132, 1550680129, 1550680114, 1550680102, 1550680100, 1550680097]
[1550680093, 1550680080, 1550680041, 1550680038, 1550680034, 1550680017, 1550679966, 1550679819, 1550679817, 1550679815, 1550679811, 1550679808, 1550679545, 1550679543, 1550679541, 1550679539, 1550679536, 1550679518, 1550679516, 1550679513]
[1550679511, 1550679508, 1550679485, 1550679481, 1550679478, 1550679475, 1550679473, 1550679408, 1550679406, 1550679404, 1550679401, 1550679399, 1550679390, 1550679387, 1550679385, 1550679382, 1550679379, 1550679366, 1550679362, 1550679360]
[1550679358, 1550679297, 1550679294, 1550679292, 1550679287, 1550679284, 1550679275, 1550679273, 1550679271, 1550679268, 1550679264, 1550679236, 1550679234, 1550679232, 1550679229, 1550679227, 1550679211, 1550679209, 1550679207, 1550679204]
[1550679202, 1550679183, 1550679183, 1550679180, 1550679178, 1550679175, 1550679173, 1550679163, 1550679161, 1550679157, 1550679155, 1550679134, 1550679102, 1550679099, 1550679097, 1550679094, 1550679092, 1550679081, 1550679078, 1550679075]
[1550679073, 1550679069, 1550679053, 1550679050, 1550678986, 1550678983, 1550678981, 1550678978, 1550678972, 1550678947, 1550678945, 1550678942, 1550678940, 1550678930, 1550678909, 1550678906, 1550678904, 1550678886, 1550678854, 1550678852]
[1550678850, 1550678847, 1550678845, 1550678766, 1550678763, 1550678733, 1550678701, 1550678699, 1550678685, 1550678682, 1550678679, 1550678677, 1550678673, 1550678662, 1550678659, 1550678657, 1550678654, 1550678651, 1550678641, 1550678639]
[1550678636, 1550678634, 1550678631, 1550678618, 1550678615, 1550678612, 1550678609, 1550678603, 1550678589, 1550678582, 1550678578, 1550678575, 1550678571, 1550678559, 1550678476, 1550678464, 1550678461, 1550678447, 1550678443, 1550678438]
[1550678424, 1550678420, 1550678415, 1550678407, 1550678400, 1550678391, 1550678387, 1550678383, 1550678377, 1550678373, 1550678367, 1550678338, 1550678335, 1550678334, 1550678330, 1550678330, 1550678324, 1550678321, 1550678320, 1550678316]
[1550678294, 1550678290, 1550678286, 1550678280, 1550678267, 1550678254, 1550678252, 1550678248, 1550678242, 1550678237, 1550678236, 1550678235, 1550678234, 1550678232, 1550678230, 1550678223, 1550678222, 1550678220, 1550678220, 1550678219]
[1550678218, 1550678217, 1550678216, 1550678213, 1550678210, 1550678208, 1550678203, 1550678200, 1550678196, 1550678186, 1550678181, 1550678181, 1550678176, 1550678171, 1550678163, 1550678160, 1550678158, 1550678156, 1550678154, 1550678146]
[1550678145, 1550678141, 1550678137, 1550678135, 1550678134, 1550678132, 1550678130, 1550678121, 1550678110, 1550678108, 1550678102, 1550678094, 1550678071, 1550678069, 1550678067, 1550678066, 1550678064, 1550678062, 1550678062, 1550678055]
[1550678051, 1550678045, 1550678044, 1550678042, 1550678040, 1550678039, 1550678036, 1550678020, 1550678016, 1550678015, 1550678012, 1550678009, 1550678006, 1550678005, 1550678000, 1550677997, 1550677992, 1550677984, 1550677982, 1550677981]
[1550677979, 1550677978, 1550677977, 1550677976, 1550677976, 1550677975, 1550677974, 1550677973, 1550677972, 1550677970, 1550677966, 1550677966, 1550677964, 1550677962, 1550677961, 1550677959, 1550677957, 1550677954, 1550677951, 1550677948]
[1550677946, 1550677943, 1550677942, 1550677937, 1550677935, 1550677935, 1550677933, 1550677930, 1550677928, 1550677926, 1550677926, 1550677923, 1550677923, 1550677923, 1550677921, 1550677919, 1550677918, 1550677889, 1550677886, 1550677886]
[1550677884, 1550677883, 1550677882, 1550677881, 1550677879, 1550677876, 1550677875, 1550677855, 1550677853, 1550677851, 1550677848, 1550677847, 1550677845, 1550677843, 1550677841, 1550677841, 1550677839, 1550677821, 1550677818, 1550677816]
[1550677811, 1550677809, 1550677809, 1550677806, 1550677803, 1550677800, 1550677797, 1550677792, 1550677789, 1550677787, 1550677784, 1550677781, 1550677772, 1550677767, 1550677765, 1550677763, 1550677760, 1550677751, 1550677749, 1550677747]
[1550677744, 1550677741, 1550677712, 1550677703, 1550677700, 1550677698, 1550677695, 1550677687, 1550677685, 1550677682, 1550677680, 1550677677, 1550677656, 1550677654, 1550677652, 1550677649, 1550677647, 1550677639, 1550677637, 1550677635]
[1550677632, 1550677629, 1550677625, 1550677599, 1550677597, 1550677594, 1550677592, 1550677589, 1550677577, 1550677574, 1550677572, 1550677569, 1550677563, 1550677552, 1550677550, 1550677548, 1550677545, 1550677540, 1550677539, 1550677536]
[1550677531, 1550677527, 1550677523, 1550677522, 1550677514, 1550677511, 1550677507, 1550677390, 1550677388, 1550677386, 1550677385, 1550677384, 1550677382, 1550677381, 1550677380, 1550677377, 1550677372, 1550677371, 1550677369, 1550677367]
[1550677365, 1550677363, 1550677356, 1550677354, 1550677352, 1550677350, 1550677346, 1550677335, 1550677332, 1550677331, 1550677330, 1550677328, 1550677328, 1550677322, 1550677317, 1550677298, 1550677295, 1550677294, 1550677290, 1550677286]
[1550677285, 1550677267, 1550677216, 1550677200, 1550677198, 1550677196, 1550677194, 1550677192, 1550677188, 1550677176, 1550677169, 1550677167, 1550677165, 1550677163, 1550677161, 1550677160, 1550677160, 1550677159, 1550677147, 1550677134]
[1550677124, 1550677122, 1550677054, 1550677049, 1550677043, 1550677031, 1550677016, 1550676887, 1550676787, 1550676767, 1550676764, 1550676761, 1550676683, 1550676661, 1550676651, 1550676644, 1550676643, 1550676642, 1550676639, 1550676603]
[1550676601, 1550676599, 1550676597, 1550676594, 1550676579, 1550676576, 1550676574, 1550676572, 1550676559, 1550676538, 1550676536, 1550676534, 1550676478, 1550676317, 1550676315, 1550676298, 1550676294, 1550676235, 1550676209, 1550676206]
[1550676203, 1550676199, 1550676163, 1550676160, 1550676157, 1550676156, 1550676154, 1550676153, 1550676151, 1550676150, 1550676149, 1550676147, 1550676136, 1550676132, 1550676130, 1550676130, 1550676128, 1550676127, 1550676126, 1550676124]
[1550676122, 1550676121, 1550676107, 1550676102, 1550676099, 1550676097, 1550676094, 1550676090, 1550676076, 1550676073, 1550676072, 1550676067, 1550676064, 1550676062, 1550676059, 1550676056, 1550676055, 1550676051, 1550676039, 1550676037]
[1550676034, 1550676031, 1550676027, 1550675999, 1550675997, 1550675994, 1550675992, 1550675989, 1550675979, 1550675976, 1550675973, 1550675970, 1550675967, 1550675874, 1550675871, 1550675869, 1550675866, 1550675841, 1550675838, 1550675835]
[1550675832, 1550675829, 1550675816, 1550675813, 1550675810, 1550675807, 1550675804, 1550675789, 1550675786, 1550675783, 1550675779, 1550675775, 1550675746, 1550675743, 1550675741, 1550675738, 1550675734, 1550675714, 1550675712, 1550675709]
[1550675705, 1550675701, 1550675662, 1550675659, 1550675656, 1550675653, 1550675650, 1550675631, 1550675628, 1550675625, 1550675576, 1550675573, 1550675551, 1550675548, 1550675540, 1550675537, 1550675533, 1550675522, 1550675519, 1550675516]
[1550675513, 1550675509, 1550675446, 1550675443, 1550675440, 1550675434, 1550675429, 1550675399, 1550675396, 1550675393, 1550675390, 1550675386, 1550675359, 1550675356, 1550675353, 1550675351, 1550675348, 1550675333, 1550675330, 1550675326]
[1550675323, 1550675320, 1550675310, 1550675307, 1550675304, 1550675301, 1550675297, 1550675277, 1550675275, 1550675272, 1550675269, 1550675265, 1550675250, 1550675247, 1550675244, 1550675241, 1550675237, 1550675230, 1550675183, 1550675180]
[1550675177, 1550675175, 1550675171, 1550675158, 1550675151, 1550675149, 1550675146, 1550675143, 1550675140, 1550675129, 1550675127, 1550675125, 1550675124, 1550675121, 1550675118, 1550675107, 1550675104, 1550675100, 1550675097, 1550675090]
[1550675034, 1550675032, 1550675029, 1550675026, 1550675022, 1550675019, 1550675016, 1550675012, 1550674967, 1550674964, 1550674962, 1550674959, 1550674955, 1550674941, 1550674938, 1550674935, 1550674932, 1550674929, 1550674896, 1550674893]
[1550674891, 1550674888, 1550674884, 1550674874, 1550674871, 1550674867, 1550674863, 1550674860, 1550674849, 1550674845, 1550674842, 1550674839, 1550674836, 1550674825, 1550674821, 1550674818, 1550674814, 1550674808, 1550674786, 1550674783]
[1550674780, 1550674777, 1550674774, 1550674743, 1550674741, 1550674738, 1550674735, 1550674731, 1550674670, 1550674668, 1550674664, 1550674661, 1550674656, 1550674650, 1550674633, 1550674630, 1550674627, 1550674624, 1550674620, 1550674578]
[1550674575, 1550674573, 1550674570, 1550674565, 1550674528, 1550674525, 1550674522, 1550674519, 1550674515, 1550674504, 1550674501, 1550674498, 1550674495, 1550674492, 1550674488, 1550674451, 1550674448, 1550674446, 1550674443, 1550674440]
[1550674429, 1550674426, 1550674423, 1550674418, 1550674414, 1550674393, 1550674390, 1550674387, 1550674383, 1550674379, 1550674346, 1550674343, 1550674340, 1550674336, 1550674333, 1550674322, 1550674319, 1550674315, 1550674312, 1550674307]
[1550674280, 1550674276, 1550674249, 1550674246, 1550674232, 1550674229, 1550674227, 1550674224, 1550674220, 1550673882, 1550673880, 1550673877, 1550673873, 1550673851, 1550673847, 1550673845, 1550673842, 1550673839, 1550673794, 1550673790]
[1550673788, 1550673785, 1550673782, 1550673765, 1550673762, 1550673759, 1550673756, 1550673752, 1550673712, 1550673708, 1550673705, 1550673702, 1550673699, 1550673684, 1550673681, 1550673679, 1550673676, 1550673673, 1550673653, 1550673650]
[1550673647, 1550673645, 1550673641, 1550673610, 1550673607, 1550673604, 1550673601, 1550673598, 1550673568, 1550673565, 1550673562, 1550673547, 1550673544, 1550673518, 1550673516, 1550673513, 1550673507, 1550673503, 1550673450, 1550673447]
[1550673445, 1550673442, 1550673439, 1550673427, 1550673424, 1550673422, 1550673419, 1550673416, 1550673402, 1550673400, 1550673397, 1550673394, 1550673391, 1550673380, 1550673377, 1550673374, 1550673371, 1550673367, 1550673351, 1550673348]
[1550673345, 1550673343, 1550673339, 1550673295, 1550673292, 1550673289, 1550673286, 1550673282, 1550673261, 1550673257, 1550673254, 1550673250, 1550673246, 1550673234, 1550673231, 1550673228, 1550673225, 1550673220, 1550673207, 1550673205]
[1550673202, 1550673199, 1550673195, 1550673156, 1550673153, 1550673148, 1550673145, 1550673141, 1550673089, 1550673086, 1550673082, 1550673078, 1550673075, 1550673034, 1550673031, 1550673028, 1550673024, 1550673021, 1550673009, 1550673006]
[1550673003, 1550673000, 1550672997, 1550672982, 1550672979, 1550672976, 1550672973, 1550672969, 1550672925, 1550672922, 1550672919, 1550672915, 1550672911, 1550672858, 1550672856, 1550672852, 1550672849, 1550672846, 1550672828, 1550672824]
[1550672821, 1550672818, 1550672813, 1550672801, 1550672798, 1550672795, 1550672792, 1550672789, 1550672765, 1550672762, 1550672758, 1550672755, 1550672750, 1550672726, 1550672723, 1550672720, 1550672717, 1550672713, 1550672681, 1550672678]
[1550672675, 1550672672, 1550672668, 1550672644, 1550672641, 1550672638, 1550672634, 1550672630, 1550672604, 1550672600, 1550672597, 1550672591, 1550672586, 1550672565, 1550672561, 1550672557, 1550672553, 1550672549, 1550671915, 1550671725]
[1550670786, 1550670782, 1550670779, 1550670776, 1550670771, 1550670704, 1550670701, 1550670698, 1550670693, 1550670680, 1550670677, 1550670674, 1550670671, 1550670667, 1550670654, 1550670637, 1550670633, 1550670630, 1550670627, 1550670625]
[1550670622, 1550670608, 1550670015, 1550669718, 1550666919, 1550666914, 1550666874, 1550666870, 1550666865, 1550666861, 1550666851, 1550666691, 1550666597, 1550666588, 1550666255, 1550666197, 1550666192, 1550664902, 1550662130, 1550661585]
[1550661304, 1550660040, 1550660015, 1550659029, 1550658407, 1550658395, 1550657416, 1550657386, 1550657381, 1550657317, 1550657312, 1550657309, 1550657303, 1550657299, 1550657276, 1550657273, 1550657269, 1550657264, 1550657259, 1550657130]
[1550657115, 1550657108, 1550657103, 1550657097, 1550657089, 1550656989, 1550656972, 1550656966, 1550656962, 1550656822, 1550656817, 1550656813, 1550656810, 1550656806, 1550656795, 1550656789, 1550656785, 1550656780, 1550656775, 1550656742]
[1550656739, 1550656732, 1550656728, 1550656725, 1550656708, 1550656704, 1550656699, 1550656694, 1550656690, 1550656674, 1550656670, 1550656665, 1550656660, 1550656656, 1550656613, 1550656608, 1550656604, 1550656601, 1550656597, 1550656423]
[1550656419, 1550656415, 1550656408, 1550656404, 1550656358, 1550656354, 1550656350, 1550656346, 1550656337, 1550656312, 1550656306, 1550656298, 1550656293, 1550656289, 1550656171, 1550656167, 1550656164, 1550656160, 1550656141, 1550656137]
[1550656133, 1550656129, 1550656123, 1550656102, 1550656095, 1550656090, 1550656086, 1550656082, 1550656047, 1550656043, 1550656040, 1550656036, 1550656030, 1550656005, 1550656001, 1550655981, 1550655973, 1550655969, 1550655949, 1550655944]
[1550655937, 1550655929, 1550655921, 1550655905, 1550653154, 1550652995, 1550652355, 1550652351, 1550652344, 1550652340, 1550652331, 1550650992, 1550650967, 1550649385, 1550648228, 1550648225, 1550648222, 1550648209, 1550648200, 1550646287]
[1550646279, 1550646270, 1550646019, 1550645933, 1550645925, 1550645907, 1550645899, 1550645890, 1550645821, 1550643698, 1550642974, 1550640462, 1550640437, 1550640196, 1550640192, 1550638530, 1550638325, 1550636336, 1550633505, 1550633405]
[1550632901, 1550632881, 1550632877, 1550632120, 1550631188, 1550627556, 1550627246, 1550626164, 1550624802, 1550623056, 1550613247, 1550606754, 1550606751, 1550606748, 1550606744, 1550606592, 1550606530, 1550602746, 1550599277, 1550596814]
[1550596807, 1550596800, 1550595979, 1550594208, 1550591849, 1550591841, 1550591404, 1550591213, 1550589524, 1550587710, 1550586761, 1550585121, 1550580990, 1550580847, 1550580486, 1550580259, 1550578474, 1550578453, 1550576508, 1550576408]
[1550573687, 1550572765, 1550572762, 1550571865, 1550570941, 1550570092, 1550568689, 1550568685, 1550568681, 1550568677, 1550567352, 1550566887, 1550566778, 1550566738, 1550566737, 1550566660, 1550566535, 1550566530, 1550566524, 1550566520]
[1550566463, 1550566419, 1550566413, 1550566408, 1550566401, 1550566396, 1550566333, 1550566328, 1550566323, 1550566314, 1550566306, 1550566059, 1550565515, 1550564207, 1550562385, 1550562352, 1550562308, 1550562139, 1550561704, 1550561420]
[1550561341, 1550561288, 1550561213, 1550560594, 1550560468, 1550559956, 1550559952, 1550559949, 1550559937, 1550559934, 1550559930, 1550559927, 1550559923, 1550559858, 1550559855, 1550559855, 1550559852, 1550559849, 1550559845, 1550559845]
[1550559822, 1550559819, 1550559814, 1550559811, 1550559806, 1550559790, 1550559786, 1550559782, 1550559767, 1550559763, 1550559744, 1550559741, 1550559737, 1550559731, 1550559726, 1550559713, 1550559709, 1550559705, 1550559702, 1550559696]
[1550559652, 1550559645, 1550559640, 1550559636, 1550559632, 1550559614, 1550559611, 1550559607, 1550559604, 1550559599, 1550559542, 1550559539, 1550559535, 1550559530, 1550559526, 1550559461, 1550559457, 1550559453, 1550559449, 1550559423]
[1550559371, 1550559366, 1550559362, 1550559358, 1550559354, 1550558688, 1550558122, 1550557400, 1550555586, 1550554342, 1550553645, 1550553617, 1550553383, 1550551700, 1550551690, 1550551686, 1550551683, 1550551680, 1550551674, 1550551657]
[1550551653, 1550551648, 1550551643, 1550551629, 1550551602, 1550551599, 1550551593, 1550551589, 1550551586, 1550551574, 1550551465, 1550550829, 1550550669, 1550548430, 1550547903, 1550547058, 1550546667, 1550545118, 1550544032, 1550543423]
[1550543418, 1550542025, 1550541279, 1550539249, 1550537676, 1550537584, 1550537565, 1550537405, 1550537133, 1550537012, 1550533374, 1550531577, 1550531371, 1550516345, 1550513929, 1550513501, 1550511806, 1550510662, 1550510610, 1550508248]
[1550508195, 1550508137, 1550508126, 1550507724, 1550507062, 1550507058, 1550506545, 1550506540, 1550506026, 1550505453, 1550505385, 1550504817, 1550504790, 1550504784, 1550504272, 1550504152, 1550504018, 1550503626, 1550502746, 1550501974]
[1550501964, 1550501943, 1550501918, 1550501884, 1550501876, 1550501584, 1550501180, 1550501145, 1550501119, 1550500181, 1550497398, 1550494551, 1550493736, 1550493346, 1550491941, 1550491883, 1550491121, 1550490622, 1550489597, 1550485484]
[1550483794, 1550481178, 1550479569, 1550478371, 1550477283, 1550409234, 1550402456, 1550384669, 1550350058, 1550333653, 1550329718, 1550325194, 1550306022, 1550261008, 1550154015, 1550137982, 1550048365, 1549976222, 1549966115, 1549936727]
[1549898559, 1549622114, 1549603739, 1549559186, 1549530927, 1549485577, 1549474055, 1549473225, 1549466514, 1549392210, 1549392086, 1549380179, 1549374184, 1549356441, 1549353997, 1549303886, 1549292308, 1549272314, 1549270997, 1549260407]
[1549260171, 1549246202, 1549246027, 1549242956, 1549242456, 1549242398, 1549236035, 1549235378, 1549219417, 1549217525, 1549213450, 1549207119, 1549207116, 1549206343, 1549205117, 1549205034, 1549203539, 1549201817, 1549199680, 1549199155]
[1549199034, 1549196308, 1549190623, 1549188892, 1549183175, 1549180738, 1549180234, 1549179482, 1549177319, 1549176853, 1549175338, 1549175235, 1549173306, 1549173168, 1549172465, 1549172396, 1549172388, 1549171631, 1549170974, 1549170804]
[1549170433, 1549170346, 1549170301, 1549168734]
