[1557344395, 1557320384, 1557306444, 1557277314, 1557227072, 1557215129, 1557201118, 1557164747, 1557153407, 1557126809, 1557030321, 1556967082, 1556920535, 1556898616, 1556877027, 1556824031, 1556810629, 1556764834, 1556758884, 1556756747]
[1556738390, 1556729473, 1556700440, 1556699488, 1556635265, 1556621694, 1556610427, 1556606091, 1556599881, 1556592683, 1556587674, 1556555997, 1556555190, 1556544529, 1556504278, 1556439114, 1556376424, 1556365549, 1556284904, 1556243325]
[1556204207, 1556189278, 1556129049, 1556117403, 1556116540, 1556111087, 1556083010, 1556074671, 1556070238, 1556040501, 1556036195, 1556032067, 1555986180, 1555982497, 1555950178, 1555858002, 1555846643, 1555782503, 1555770275, 1555766540]
[1555677173, 1555676279, 1555666886, 1555663929, 1555652620, 1555647458, 1555637958, 1555634554, 1555616411, 1555610688, 1555608924, 1555604467, 1555558982, 1555518039, 1555485315, 1555467246, 1555419821, 1555401589, 1555344046, 1555342045]
[1555295082, 1555287933, 1555275904, 1555240477, 1555217916, 1555193921, 1555152083, 1555150888, 1555148349, 1555125557, 1555125188, 1555112702, 1555083951, 1555076889, 1555076712, 1555068101, 1555046804, 1555043944, 1555031036, 1554998146]
[1554992953, 1554986270, 1554978344, 1554966068, 1554932335, 1554911853, 1554861039, 1554817448, 1554736965, 1554735624, 1554730498, 1554628162, 1554621992, 1554617755, 1554592504, 1554552274, 1554539312, 1554528892, 1554467374, 1554466809]
[1554457837, 1554454576, 1554453549, 1554447192, 1554437933, 1554422155, 1554396808, 1554379544, 1554379184, 1554360874, 1554280413, 1554220745, 1554218916, 1554214589, 1554193169, 1554109835, 1554096299, 1554039353, 1554036218, 1554035036]
[1554021740, 1554008607, 1553982804, 1553982308, 1553975196, 1553960213, 1553957783, 1553956184, 1553949473, 1553942472, 1553937393, 1553937089, 1553880298, 1553869761, 1553862960, 1553857158, 1553847785, 1553847758, 1553837693, 1553798102]
[1553779927, 1553776474, 1553775633, 1553753869, 1553751071, 1553750699, 1553732719, 1553732282, 1553732131, 1553704559, 1553695991, 1553693620, 1553693535, 1553680460, 1553671759, 1553662735, 1553613846, 1553612390, 1553563160, 1553436711]
[1553399237, 1553351993, 1553349181, 1553341205, 1553339476, 1553329671, 1553326078, 1553273859, 1553271406, 1553270247, 1553238882, 1553236086, 1553233986, 1553230128, 1553229109, 1553223560, 1553188801, 1553187556, 1553183529, 1553180875]
[1553178268, 1553178198, 1553177592, 1553174404, 1553172731, 1553172293, 1553165836, 1553163294, 1553155690, 1553130301, 1553103995, 1553096984, 1553096610, 1553069429, 1553060426, 1553059374, 1553052250, 1553041161, 1553015242, 1553010809]
[1553009544, 1552999501, 1552998983, 1552991742, 1552991569, 1552989533, 1552989384, 1552989064, 1552988596, 1552981102, 1552978818, 1552974966, 1552974169, 1552972197, 1552969756, 1552969738, 1552966506, 1552965613, 1552963435, 1552963268]
[1552961880, 1552961573, 1552957237, 1552952352, 1552949515, 1552919906, 1552916600, 1552914517, 1552898748, 1552894186, 1552889975, 1552889079, 1552873298, 1552869445, 1552866578, 1552864177, 1552846830, 1552843703, 1552839950, 1552836450]
[1552836256, 1552833633, 1552832151, 1552820444, 1552814916, 1552814832, 1552813815, 1552813074, 1552811039, 1552807278, 1552805703, 1552804528, 1552803518, 1552800887, 1552800791, 1552799568, 1552799468, 1552799402, 1552797079, 1552796438]
[1552796242, 1552794636, 1552793124, 1552792645, 1552791557, 1552790531, 1552789912, 1552787833, 1552787410, 1552787035, 1552786684, 1552749081, 1552747593, 1552721499, 1552712219, 1552709142, 1552706311, 1552669979, 1552662760, 1552637692]
[1552635847, 1552618120, 1552615538, 1552577318, 1552550548, 1552540274, 1552538328, 1552529738, 1552489741, 1552465313, 1552428432, 1552402296, 1552397253, 1552386307, 1552309361, 1552233536, 1552231899, 1552231797, 1552231093, 1552229392]
[1552229230, 1552228177, 1552225502, 1552220448, 1552219970, 1552217628, 1552208280, 1552185636, 1552175677, 1552154747, 1552150938, 1552142327, 1552142234, 1552140875, 1552137450, 1552128499, 1552125450, 1552125282, 1552124967, 1552122906]
[1552120285, 1552115212, 1552112723, 1552112428, 1552110490, 1552094081, 1552093118, 1552091373, 1552091042, 1552090262, 1552089887, 1552089675, 1552088904, 1552088711, 1552066023, 1552065708, 1552064119, 1552062715, 1552062219, 1552058730]
[1552058385, 1552057530, 1552056657, 1552056413, 1552056138, 1552054838, 1552052625, 1552049680, 1552049560, 1552042661, 1552035726, 1552034100, 1552018997, 1552007646, 1551970718, 1551970469, 1551963568, 1551959133, 1551946907, 1551945554]
[1551939763, 1551938300, 1551935784, 1551934492, 1551930867, 1551926966, 1551926482, 1551925113, 1551923550, 1551919826, 1551917983, 1551916118, 1551915698, 1551913267, 1551896315, 1551894805, 1551892536, 1551889070, 1551888213, 1551887699]
[1551886504, 1551883517, 1551883119, 1551883111, 1551881252, 1551880368, 1551880120, 1551879296, 1551877920, 1551877162, 1551876947, 1551875694, 1551874390, 1551871951, 1551871922, 1551863967, 1551861562, 1551834355, 1551830278, 1551785266]
[1551782626, 1551781270, 1551755401, 1551718652, 1551717949, 1551711734, 1551704683, 1551700280, 1551691741, 1551670978, 1551619363, 1551614915, 1551612388, 1551592447, 1551592255, 1551589065, 1551585285, 1551585142, 1551579907, 1551576539]
[1551543285, 1551539745, 1551533892, 1551533378, 1551518030, 1551517054, 1551508902, 1551508506, 1551506698, 1551506117, 1551502681, 1551500101, 1551495162, 1551494054, 1551493642, 1551489563, 1551489219, 1551482696, 1551481725, 1551460809]
[1551456163, 1551428067, 1551423213, 1551404990, 1551398005, 1551379115, 1551364274, 1551364057, 1551362808, 1551338130, 1551334987, 1551329071, 1551328397, 1551323356, 1551279497, 1551275398, 1551270197, 1551262990, 1551258963, 1551254604]
[1551254211, 1551253793, 1551245927, 1551244152, 1551240413, 1551231160, 1551214549, 1551201372, 1551200990, 1551200920, 1551197328, 1551196519, 1551194880, 1551187206, 1551183802, 1551183796, 1551183742, 1551183310, 1551183267, 1551182927]
[1551182862, 1551179096, 1551170464, 1551150542, 1551117357, 1551109891, 1551105281, 1551089584, 1551088704, 1551069733, 1551062190, 1551061275, 1551025718, 1551025383, 1551021062, 1551013713, 1551012034, 1551007474, 1551006962, 1551004266]
[1551000364, 1550985436, 1550984579, 1550983996, 1550977318, 1550976828, 1550974765, 1550968658, 1550944862, 1550943814, 1550939016, 1550935565, 1550935442, 1550934966, 1550934272, 1550934155, 1550933586, 1550933581, 1550929436, 1550929082]
[1550923664, 1550914506, 1550914161, 1550913551, 1550911754, 1550908600, 1550905760, 1550902116, 1550902038, 1550896386, 1550896022, 1550894805, 1550894075, 1550893425, 1550893354, 1550892809, 1550887707, 1550887605, 1550886607, 1550886376]
[1550884480, 1550876701, 1550863150, 1550857692, 1550854649, 1550853586, 1550853472, 1550850941, 1550850802, 1550847853, 1550844040, 1550843861, 1550825497, 1550819953, 1550815769, 1550812851, 1550808947, 1550799685, 1550768334, 1550763249]
[1550760617, 1550760471, 1550757475, 1550742095, 1550726985, 1550725951, 1550715025, 1550707880, 1550707491, 1550676249, 1550676184, 1550671199, 1550663969, 1550653042, 1550647854, 1550644551, 1550640918, 1550636462, 1550633425, 1550618377]
[1550609640, 1550609529, 1550598259, 1550597279, 1550596698, 1550592709, 1550591058, 1550590303, 1550589394, 1550589254, 1550588902, 1550588851, 1550587580, 1550587426, 1550587217, 1550586191, 1550586030, 1550586002, 1550585884, 1550584727]
[1550577141, 1550570531, 1550560417, 1550558964, 1550551190, 1550544053, 1550543000, 1550528054, 1550523199, 1550500767, 1550498178, 1550490697, 1550483861, 1550483850, 1550481372, 1550468850, 1550468291, 1550462697, 1550455267, 1550420993]
[1550415452, 1550411791, 1550409199, 1550408383, 1550405964, 1550395902, 1550391998, 1550389979, 1550386060, 1550375894, 1550369098, 1550331420, 1550324910, 1550324357, 1550318502, 1550316959, 1550315973, 1550312284, 1550311490, 1550311394]
[1550301383, 1550298811, 1550293804, 1550289020, 1550286696, 1550250043, 1550245632, 1550242382, 1550238929, 1550236252, 1550231844, 1550222447, 1550214472, 1550213410, 1550209195, 1550209040, 1550206424, 1550203717, 1550203532, 1550202030]
[1550199871, 1550191473, 1550166034, 1550161793, 1550159421, 1550159209, 1550159183, 1550159046, 1550157446, 1550154882, 1550154227, 1550150686, 1550149021, 1550146483, 1550145672, 1550143002, 1550142386, 1550140369, 1550139436, 1550138921]
[1550136819, 1550135839, 1550135123, 1550133595, 1550133552, 1550133429, 1550133394, 1550132875, 1550132851, 1550126295, 1550124161, 1550120341, 1550120283, 1550116476, 1550113900, 1550113578, 1550112472, 1550107052, 1550075221, 1550074446]
[1550074411, 1550073966, 1550069331, 1550069038, 1550064850, 1550063604, 1550063497, 1550062476, 1550060684, 1550059697, 1550057582, 1550045555, 1550041561, 1550040646, 1550040638, 1550040535, 1550036713, 1550035091, 1550028599, 1550028441]
[1550026380, 1550026340, 1550023080, 1550019772, 1550019399, 1550002308, 1549995129, 1549991343, 1549988530, 1549987993, 1549986619, 1549983881, 1549982714, 1549982652, 1549982262, 1549981063, 1549980126, 1549978843, 1549978315, 1549977776]
[1549975320, 1549975253, 1549973339, 1549971714, 1549970933, 1549970515, 1549969106, 1549967750, 1549967077, 1549966603, 1549964979, 1549956297, 1549952136, 1549952091, 1549947875, 1549947432, 1549946015, 1549945144, 1549942147, 1549941798]
[1549941553, 1549939408, 1549938902, 1549938336, 1549938203, 1549935935, 1549933543, 1549933343, 1549933288, 1549933140, 1549932725, 1549932041, 1549925450, 1549924776, 1549917062, 1549913323, 1549906902, 1549906879, 1549906428, 1549906326]
[1549905918, 1549904933, 1549904330, 1549904280, 1549903700, 1549903147, 1549902155, 1549901834, 1549901679, 1549901603, 1549901460, 1549901297, 1549901285, 1549901162, 1549901127, 1549901086, 1549901058, 1549901016, 1549900993, 1549898748]
[1549898746, 1549897880, 1549896651, 1549889271, 1549878280, 1549875498, 1549863231, 1549862148, 1549861369, 1549857938, 1549851229, 1549818392, 1549817364, 1549813757, 1549812952, 1549811191, 1549808823, 1549807908, 1549807452, 1549805891]
[1549805518, 1549802278, 1549801989, 1549800563, 1549800409, 1549800192, 1549796328, 1549795816, 1549790932, 1549786178, 1549776281, 1549775817, 1549775418, 1549773944, 1549768921, 1549768228, 1549766447, 1549763794, 1549762808, 1549758198]
[1549755856, 1549755214, 1549753858, 1549735806, 1549726686, 1549721901, 1549716789, 1549714894, 1549714713, 1549702395, 1549701324, 1549692853, 1549684706, 1549680857, 1549673665, 1549654548, 1549640838, 1549623813, 1549620826, 1549620476]
[1549619190, 1549609202, 1549600261, 1549599127, 1549598762, 1549597316, 1549589546, 1549587017, 1549582095, 1549568664, 1549557661, 1549556280, 1549553377, 1549553351, 1549551116, 1549548368, 1549543508, 1549541065, 1549540064, 1549537648]
[1549535300, 1549531891, 1549528894, 1549528849, 1549528290, 1549524985, 1549514043, 1549513924, 1549511969, 1549510311, 1549503913, 1549498595, 1549495062, 1549472873, 1549472771, 1549470627, 1549469522, 1549468958, 1549456243, 1549454176]
[1549452958, 1549450360, 1549445147, 1549443885, 1549426275, 1549423028, 1549415970, 1549413547, 1549411211, 1549378288, 1549373888, 1549373550, 1549373546, 1549370016, 1549365306, 1549364499, 1549357357, 1549345415, 1549338438, 1549336387]
[1549329374, 1549301623, 1549296301, 1549288165, 1549260466, 1549254644, 1549220329, 1549204847, 1549199750, 1549195546, 1549192707, 1549191986, 1549190431, 1549188732, 1549186552, 1549185780, 1549184816, 1549181784, 1549179208, 1549171526]
[1549170254, 1549169522, 1549168711, 1549166324, 1549163894, 1549162708, 1549161704, 1549160132, 1549158646, 1549131142, 1549100988, 1549098452, 1549095044, 1549093276, 1549093176, 1549084405, 1549081725, 1549078945, 1549076223, 1549038517]
[1549020080, 1549006367, 1548999873, 1548969818, 1548956008, 1548954629, 1548948224, 1548941748, 1548918218, 1548918121, 1548914671, 1548904543, 1548900825, 1548873456, 1548870178, 1548866617, 1548866399, 1548863206, 1548862438, 1548858638]
[1548856826, 1548856661, 1548856088, 1548851549, 1548850927, 1548850448, 1548848765, 1548830329, 1548824149, 1548822237, 1548822106, 1548820125, 1548818974, 1548774488, 1548773326, 1548762802, 1548751996, 1548736881, 1548718569, 1548705103]
[1548690862, 1548674234, 1548673461, 1548671725, 1548651247, 1548638736, 1548620703, 1548602480, 1548592190, 1548567145, 1548525462, 1548512206, 1548510154, 1548507056, 1548502180, 1548501542, 1548499763, 1548472650, 1548471912, 1548425264]
[1548418624, 1548395743, 1548381340, 1548345785, 1548345223, 1548345116, 1548343395, 1548342306, 1548340996, 1548340127, 1548328772, 1548320176, 1548319350, 1548315979, 1548308505, 1548307500, 1548305292, 1548293329, 1548261765, 1548255617]
[1548255062, 1548249019, 1548234579, 1548225387, 1548223008, 1548208285, 1548178386, 1548172240, 1548170807, 1548168045, 1548166420, 1548159555, 1548145873, 1548125784, 1548123648, 1548114830, 1548089083, 1548087753, 1548070198, 1548065941]
[1548039089, 1548028349, 1548027275, 1548011148, 1548009309, 1547994894, 1547991251, 1547976537, 1547953721, 1547913638, 1547909849, 1547907442, 1547906515, 1547906105, 1547895998, 1547895945, 1547892747, 1547886472, 1547877374, 1547876741]
[1547873842, 1547868108, 1547861376, 1547855680, 1547802550, 1547750631, 1547747164, 1547745250, 1547741191, 1547737701, 1547727544, 1547720028, 1547718385, 1547715815, 1547715431, 1547711414, 1547707565, 1547702256, 1547696300, 1547692513]
[1547692407, 1547689514, 1547678682, 1547655078, 1547642752, 1547636246, 1547630289, 1547627055, 1547625721, 1547624762, 1547622723, 1547622514, 1547622367, 1547622283, 1547619148, 1547615556, 1547614487, 1547614076, 1547614040, 1547612370]
[1547609772, 1547606775, 1547604821, 1547604143, 1547598548, 1547583826, 1547550974, 1547534130, 1547531780, 1547523304, 1547522823, 1547488251, 1547486979, 1547483818, 1547483653, 1547473659, 1547470113, 1547469705, 1547466873, 1547466209]
[1547464803, 1547463171, 1547460953, 1547459731, 1547457134, 1547456053, 1547451911, 1547449159, 1547448971, 1547445597, 1547444667, 1547438019, 1547404273, 1547399282, 1547395835, 1547394074, 1547381773, 1547369913, 1547369903, 1547367757]
[1547361329, 1547351793, 1547332778, 1547318427, 1547305061, 1547302848, 1547301006, 1547284307, 1547279246, 1547272999, 1547266650, 1547262959, 1547254540, 1547222552, 1547219526, 1547218001, 1547211249, 1547210388, 1547194717, 1547184600]
[1547180920, 1547175597, 1547173548, 1547138898, 1547118079, 1547116597, 1547109277, 1547104371, 1547102643, 1547100539, 1547092446, 1547014882, 1547012262, 1546966597, 1546944923, 1546914926, 1546907786, 1546906587, 1546846948, 1546838127]
[1546828449, 1546827398, 1546825834, 1546820195, 1546818184, 1546811587, 1546810374, 1546797510, 1546787981, 1546787060, 1546766635, 1546753232, 1546739696, 1546731080, 1546704717, 1546701472, 1546698938, 1546698282, 1546694067, 1546693390]
[1546688880, 1546687666, 1546686721, 1546680065, 1546679817, 1546677519, 1546677425, 1546677181, 1546676851, 1546675711, 1546674379, 1546669749, 1546667286, 1546664637, 1546664360, 1546661495, 1546657444, 1546656556, 1546656360, 1546656303]
[1546655670, 1546652136, 1546648815, 1546642795, 1546634343, 1546630130, 1546626649, 1546623648, 1546622342, 1546621797, 1546620324, 1546619741, 1546619291, 1546619291, 1546618601, 1546618058, 1546617832, 1546611408, 1546597729, 1546567195]
[1546532140, 1546531371, 1546527528, 1546511355, 1546488592, 1546485605, 1546482090, 1546482054, 1546422425, 1546415090, 1546414999, 1546412400, 1546392657, 1546366132, 1546363906, 1546362210, 1546360450, 1546356011, 1546355107, 1546340592]
[1546324063, 1546323526, 1546323275, 1546320227, 1546318647, 1546280435, 1546279794, 1546268164, 1546237855, 1546229917, 1546228298, 1546219464, 1546216675, 1546214416, 1546188477, 1546186122, 1546171391, 1546168379, 1546166600, 1546162499]
[1546161220, 1546150691, 1546144838, 1546135384, 1546131560, 1546096756, 1546081864, 1546071404, 1546047711, 1546015553, 1546012563, 1546000622, 1545980555, 1545975718, 1545953296, 1545929732, 1545926514, 1545924181, 1545922859, 1545915286]
[1545909221, 1545908807, 1545906950, 1545901232, 1545898433, 1545896348, 1545890050, 1545885307, 1545885196, 1545882218, 1545760790, 1545752786, 1545752391, 1545730285, 1545708437, 1545655892, 1545641492, 1545583086, 1545581234, 1545574574]
[1545565856, 1545553955, 1545538367, 1545526703, 1545488954, 1545483449, 1545481539, 1545473119, 1545464650, 1545464226, 1545457891, 1545453026, 1545451707, 1545450535, 1545444859, 1545437927, 1545437796, 1545406248, 1545367705, 1545366396]
[1545359500, 1545314055, 1545313888, 1545310364, 1545271838, 1545268708, 1545220147, 1545214276, 1545198085, 1545190819, 1545184533, 1545177623, 1545158450, 1545142167, 1545127782, 1545123081, 1545117089, 1545111954, 1545093175, 1545053927]
[1545042298, 1545034717, 1545033739, 1545033188, 1544977739, 1544973977, 1544951430, 1544940558, 1544873285, 1544856435, 1544855653, 1544854540, 1544851935, 1544851368, 1544815476, 1544799193, 1544778838, 1544772412, 1544707801, 1544703959]
[1544687400, 1544678371, 1544676807, 1544673075, 1544672881, 1544671498, 1544626781, 1544617982, 1544538904, 1544537277, 1544518003, 1544471687, 1544456630, 1544431569, 1544403751, 1544359230, 1544315376, 1544170286, 1544167024, 1544154145]
[1544143761, 1544113410, 1544112330, 1544110665, 1544099498, 1544098572, 1544096448, 1544092516, 1544090672, 1543970239, 1543884175, 1543871783, 1543848327, 1543768157, 1543740242, 1543718067, 1543714061, 1543686014, 1543678815, 1543671784]
[1543651961, 1543644207, 1543642899, 1543638169, 1543638138, 1543629168, 1543580903, 1543567265, 1543554245, 1543553845, 1543553152, 1543547838, 1543544337, 1543493863, 1543492929, 1543486632, 1543486499, 1543484181, 1543463205, 1543463170]
[1543453742, 1543401351, 1543374062, 1543362706, 1543356528, 1543331235, 1543331114, 1543322118, 1543283994, 1543252597, 1543242525, 1543241371, 1543184071, 1543171109, 1543161241, 1543137770, 1543128617, 1543112262, 1543111136, 1543047958]
[1543018759, 1542994476, 1542979658, 1542965470, 1542960455, 1542947392, 1542946269, 1542928720, 1542902196, 1542895993, 1542891390, 1542885230, 1542870365, 1542776903, 1542770612, 1542637108, 1542635001, 1542610859, 1542539058, 1542523319]
[1542509947, 1542499538, 1542436754, 1542436289, 1542434751, 1542387699, 1542376244, 1542375842, 1542374082, 1542368062, 1542362308, 1542357777, 1542333829, 1542327737, 1542299166, 1542290549, 1542285495, 1542285431, 1542284660, 1542279712]
[1542279585, 1542277638, 1542277481, 1542276976, 1542273300, 1542271425, 1542263587, 1542260637, 1542258240, 1542253399, 1542251794, 1542251246, 1542246269, 1542219460, 1542202998, 1542200399, 1542200393, 1542195901, 1542188769, 1542178093]
[1542177987, 1542169040, 1542161170, 1542128681, 1542128030, 1542126517, 1542124368, 1542122866, 1542122703, 1542121410, 1542119012, 1542111287, 1542111192, 1542108081, 1542107208, 1542106033, 1542102434, 1542101813, 1542100996, 1542100074]
[1542099852, 1542099608, 1542098849, 1542098694, 1542097747, 1542097489, 1542093991, 1542092543, 1542092405, 1542091879, 1542091298, 1542091280, 1542090400, 1542090193, 1542089610, 1542088082, 1542085384, 1542084377, 1542073895, 1542049452]
[1542033567, 1542026785, 1542024052, 1542022761, 1542022511, 1542022010, 1542020776, 1542020425, 1542019706, 1542017790, 1542015293, 1542014109, 1542012656]
