[1557295692, 1557250501, 1557247318, 1557219907, 1557157081, 1557099665, 1557095502, 1557065238, 1556966424, 1556788226, 1556762557, 1556711298, 1556636466, 1556536264, 1556495591, 1556467788, 1556467487, 1556430423, 1556426864, 1556416528, 1556294481]
[1556413055, 1556410811, 1556380007, 1556376001, 1556366266, 1556359848, 1556354852, 1556346022, 1556333961, 1556333370, 1556330936, 1556320736, 1556305905, 1556300813, 1556298342, 1556295105, 1556294808, 1556294481, 1556254170, 1556219392, 1556294481]
[1556016040, 1556006160, 1555982120, 1555981635, 1555950183, 1555949686, 1555947293, 1555939791, 1555938757, 1555925892, 1555920319, 1555915250, 1555910812, 1555909772, 1555907163, 1555906207, 1555899799, 1555894247, 1555893953, 1555892935, 1556294481]
[1555889485, 1555886163, 1555885290, 1555871807, 1555869832, 1555867730, 1555864076, 1555863161, 1555862455, 1555862010, 1555845661, 1555746142, 1555732351, 1555688495, 1555598285, 1555521671, 1555501649, 1555501072, 1555492024, 1555463719, 1556294481]
[1555460749, 1555435835, 1555410761, 1555398048, 1555395441, 1555391993, 1555387851, 1555380853, 1555331183, 1555328160, 1555319105, 1555307615, 1555298416, 1555297457, 1555295546, 1555295379, 1555288845, 1555283944, 1555283250, 1555282997, 1556294481]
[1555263892, 1555261960, 1555260790, 1555258293, 1555247734, 1555246734, 1555226379, 1555208700, 1555151853, 1555147582, 1555068322, 1555021470, 1554966469, 1554948665, 1554948461, 1554918068, 1554907984, 1554904005, 1554902528, 1554851033, 1556294481]
[1554831208, 1554830840, 1554793296, 1554789633, 1554755240, 1554748137, 1554746676, 1554727902, 1554727811, 1554727470, 1554722768, 1554719040, 1554701966, 1554696387, 1554694676, 1554692673, 1554689554, 1554676217, 1554663470, 1554656649, 1556294481]
[1554612197, 1554546685, 1554473132, 1554463000, 1554394886, 1554301712, 1554274432, 1554268972, 1554247857, 1554231521, 1554229042, 1554228258, 1554218674, 1554217386, 1554192886, 1554192407, 1554166196, 1554151020, 1554134005, 1554129398, 1556294481]
[1554118828, 1554102227, 1554100805, 1554099422, 1554094866, 1554093266, 1554090948, 1554088601, 1554087587, 1554087059, 1554085658, 1554082383, 1554076209, 1554064660, 1554056279, 1554054029, 1554051688, 1554051400, 1554050939, 1554048178, 1556294481]
[1554026479, 1554018901, 1554012519, 1553998756, 1553955474, 1553946826, 1553884082, 1553851707, 1553834572, 1553822404, 1553775126, 1553762496, 1553579236, 1553527870, 1553525575, 1553517477, 1553495464, 1553495014, 1553494852, 1553494557, 1556294481]
[1553494256, 1553494162, 1553491778, 1553487153, 1553486800, 1553486667, 1553486134, 1553482953, 1553481784, 1553480467, 1553479353, 1553479042, 1553477516, 1553476797, 1553452582, 1553450254, 1553449406, 1553448888, 1553447142, 1553444685, 1556294481]
[1553444593, 1553444441, 1553444040, 1553399137, 1553328636, 1553265384, 1553240176, 1553163737, 1553154527, 1553139102, 1553115351, 1553080896, 1553071760, 1553066040, 1553060439, 1553058979, 1553058820, 1553055731, 1553044311, 1553024629, 1556294481]
[1553012925, 1553012229, 1553009344, 1553008638, 1553008636, 1553008632, 1553008622, 1553008619, 1553008616, 1553008613, 1553008602, 1553008582, 1553008576, 1553008572, 1553008567, 1553008559, 1552990394, 1552983078, 1552982962, 1552977312, 1556294481]
[1552972853, 1552965641, 1552964701, 1552964193, 1552964009, 1552960661, 1552960452, 1552957149, 1552954526, 1552952663, 1552952604, 1552934450, 1552932608, 1552931204, 1552927289, 1552925073, 1552923852, 1552922862, 1552922530, 1552922268, 1556294481]
[1552920615, 1552919458, 1552918893, 1552918791, 1552918322, 1552918122, 1552910421, 1552901979, 1552901539, 1552895893, 1552894418, 1552894024, 1552893545, 1552892475, 1552889768, 1552888272, 1552885394, 1552885081, 1552882623, 1552882370, 1556294481]
[1552882089, 1552879645, 1552877784, 1552877393, 1552876829, 1552876731, 1552876004, 1552875481, 1552875445, 1552866741, 1552814306, 1552811298, 1552795485, 1552792771, 1552740559, 1552657721, 1552624893, 1552574753, 1552553023, 1552547632, 1556294481]
[1552530784, 1552529566, 1552527943, 1552497331, 1552492640, 1552489073, 1552467896, 1552408428, 1552405026, 1552399198, 1552390772, 1552386441, 1552379879, 1552363481, 1552362854, 1552324908, 1552324629, 1552323120, 1552322098, 1552321002, 1556294481]
[1552319268, 1552319181, 1552319021, 1552318986, 1552318568, 1552316741, 1552313138, 1552311688, 1552302523, 1552302040, 1552298591, 1552296559, 1552295997, 1552295684, 1552294380, 1552294290, 1552293446, 1552288134, 1552285605, 1552280619, 1556294481]
[1552279405, 1552279089, 1552278855, 1552278068, 1552277230, 1552277129, 1552276877, 1552274905, 1552273840, 1552271742, 1552270385, 1552269751, 1552268638, 1552268126, 1552267969, 1552266243, 1552265786, 1552263350, 1552263311, 1552262792, 1556294481]
[1552262307, 1552260509, 1552258966, 1552242199, 1552237825, 1552235159, 1552219596, 1552214241, 1552192713, 1552183550, 1552182076, 1552152335, 1552149026, 1552143383, 1552103347, 1552033286, 1551984101, 1551983333, 1551970368, 1551965128, 1556294481]
[1551936041, 1551934430, 1551922026, 1551859576, 1551833806, 1551833530, 1551787618, 1551780369, 1551779691, 1551778390, 1551757057, 1551747225, 1551721590, 1551717727, 1551716347, 1551711440, 1551707930, 1551705433, 1551698635, 1551693084, 1556294481]
[1551690640, 1551689349, 1551688579, 1551683509, 1551676176, 1551675226, 1551673659, 1551671653, 1551670115, 1551669045, 1551662681, 1551661117, 1551661009, 1551637044, 1551636667, 1551605560, 1551554353, 1551527876, 1551519300, 1551515298, 1556294481]
[1551408059, 1551394659, 1551373699, 1551325109, 1551270273, 1551250424, 1551247517, 1551242916, 1551193975, 1551167578, 1551167444, 1551164712, 1551161069, 1551150065, 1551143866, 1551141902, 1551140447, 1551139681, 1551126339, 1551116338, 1556294481]
[1551113011, 1551111140, 1551110311, 1551100480, 1551099636, 1551099100, 1551099031, 1551092683, 1551090538, 1551089229, 1551088836, 1551087257, 1551085477, 1551083314, 1551083014, 1551082870, 1551082373, 1551080095, 1551075609, 1551071392, 1556294481]
[1551069785, 1551067427, 1551067426, 1551063584, 1551061147, 1551060934, 1551057232, 1551056254, 1551055477, 1551054755, 1551048366, 1550992799, 1550954130, 1550945709, 1550945504, 1550938326, 1550936209, 1550921982, 1550914358, 1550910875, 1556294481]
[1550906691, 1550905240, 1550839967, 1550833993, 1550832978, 1550827664, 1550773558, 1550768769, 1550765919, 1550753135, 1550745310, 1550728786, 1550725449, 1550724133, 1550723689, 1550682766, 1550681730, 1550680315, 1550652950, 1550636665, 1556294481]
[1550604366, 1550595720, 1550594626, 1550571353, 1550556913, 1550540374, 1550532232, 1550524925, 1550504060, 1550501892, 1550500901, 1550500091, 1550499910, 1550493401, 1550481032, 1550480893, 1550465352, 1550465137, 1550462977, 1550459934, 1556294481]
[1550453211, 1550451661, 1550450984, 1550450614, 1550422375, 1550420547, 1550389931, 1550378493, 1550310325, 1550307013, 1550284490, 1550235164, 1550155226, 1550144450, 1550140544, 1550136599, 1550100798, 1550075614, 1550072043, 1550039509, 1556294481]
[1550036027, 1550002662, 1549992130, 1549969139, 1549965597, 1549963249, 1549963055, 1549929109, 1549900065, 1549890002, 1549883904, 1549875033, 1549866821, 1549859090, 1549855743, 1549848684, 1549815698, 1549812654, 1549811782, 1549807593, 1556294481]
[1549797904, 1549796207, 1549794150, 1549790539, 1549775028, 1549773769, 1549772098, 1549762589, 1549760843, 1549758142, 1549755340, 1549741776, 1549736846, 1549728890, 1549728367, 1549723347, 1549719751, 1549719181, 1549716464, 1549714617, 1556294481]
[1549712338, 1549710523, 1549710079, 1549703957, 1549683542, 1549680684, 1549675354, 1549624008, 1549606132, 1549542167, 1549485613, 1549484116, 1549470198, 1549459306, 1549458646, 1549449446, 1549394260, 1549348422, 1549291843, 1549280125, 1556294481]
[1549273741, 1549266162, 1549263721, 1549254668, 1549252084, 1549239201, 1549210346, 1549163468, 1549155570, 1549150887, 1549141901, 1549139097, 1549089475, 1549089401, 1549085054, 1549027253, 1549018690, 1548999638, 1548975537, 1548959579, 1556294481]
[1548955218, 1548915975, 1548913342, 1548863178, 1548847215, 1548829626, 1548826698, 1548826222, 1548824337, 1548765143, 1548742611, 1548734162, 1548733793, 1548724264, 1548702339, 1548692853, 1548692541, 1548689045, 1548687940, 1548684595, 1556294481]
[1548681115, 1548677100, 1548676405, 1548674734, 1548668995, 1548660558, 1548655792, 1548653273, 1548636616, 1548433487, 1548319481, 1548313218, 1548218888, 1548217179, 1548216825, 1548181295, 1548169524, 1548153734, 1548152906, 1548091065, 1556294481]
[1548084269, 1548075669, 1548070136, 1548068108, 1548067595, 1548056696, 1548046929, 1548041634, 1548041574, 1548038708, 1548038046, 1548037918, 1547977445, 1547958871, 1547788777, 1547652915, 1547648143, 1547638802, 1547438727, 1547436477, 1556294481]
[1547432826, 1547352622, 1547339680, 1547311329, 1547280539, 1547184405, 1547182973, 1547136229, 1547127670, 1547109838, 1547107228, 1547076289, 1547035377, 1546960032, 1546951505, 1546950912, 1546929131, 1546886580, 1546833102, 1546832106, 1556294481]
[1546828024, 1546789338, 1546764028, 1546762520, 1546760564, 1546679887, 1546568595, 1546542734, 1546523563, 1546523432, 1546504103, 1546487700, 1546485242, 1546338444, 1546331454, 1546269643, 1546267300, 1546261983, 1546186970, 1546148429, 1556294481]
[1546079061, 1546053233, 1546025378, 1545899467, 1545820836, 1545819350, 1545793973, 1545715540, 1545668666, 1545575047, 1545524560, 1545511106, 1545506551, 1545502568, 1545496148, 1545488833, 1545480258, 1545469032, 1545466226, 1545445723, 1556294481]
[1545433770, 1545385638, 1545307832, 1545247399, 1545247162, 1545223822, 1545221729, 1545114737, 1545037193, 1545030933, 1545022215, 1545020758, 1545019523, 1545018432, 1545017781, 1545015054, 1545014864, 1545012950, 1544983722, 1544770109, 1556294481]
[1544760762, 1544713838, 1544712695, 1544709855, 1544628674, 1544516114, 1544480904, 1544460746, 1544458053, 1544442078, 1544440885, 1544422807, 1544359164, 1544253960, 1544067025, 1543911551, 1543896445, 1543894581, 1543858382, 1543826233, 1556294481]
[1543825921, 1543825453, 1543814106, 1543759082, 1543736306, 1543699335, 1543622742, 1543542904, 1543420135, 1543404547, 1543366988, 1543341943, 1543327172, 1543321740, 1543289141, 1543252040, 1543233140, 1543226403, 1543213912, 1543212205, 1556294481]
[1543208601, 1543175615, 1542972337, 1542939912, 1542932789, 1542915190, 1542886913, 1542680276, 1542638671, 1542633161, 1542626212, 1542616083, 1542612248, 1542575909, 1542449601, 1542415443, 1542408963, 1542388081, 1542374168, 1542358009, 1556294481]
[1542305409, 1542262379, 1542248905, 1542209647, 1542198348, 1542197365, 1542194335, 1542192840, 1542183194, 1542171839, 1542161593, 1542160969, 1542154431, 1542125777, 1542124733, 1542124397, 1542123631, 1542122196, 1542121574, 1542120946, 1556294481]
[1542120706, 1542120059, 1542119851, 1542119094, 1542115400, 1542112539, 1542111815, 1542110895, 1542109095, 1542108972, 1542108029, 1542106974, 1542105711, 1542105032, 1542104976, 1542100989, 1542100546, 1542100342, 1542100147, 1542099451, 1556294481]
[1542099398, 1542099248, 1542099034, 1542098391, 1542097841, 1542097588, 1542097517, 1542097451, 1542097330, 1542096781, 1542096164, 1542096105, 1542095843, 1542094922, 1542094668, 1542094143, 1542094086, 1542093955, 1542093614, 1542093481, 1556294481]
[1542093361, 1542092766, 1542092254, 1542090847, 1542090161, 1542088737, 1542088416, 1542087908, 1542087901, 1542077349, 1542071328, 1542045580, 1542035389, 1542035255, 1542034154, 1542029789, 1542024314, 1542024283, 1542023752, 1542023360, 1556294481]
[1542022386, 1542022253, 1542020362, 1542020269, 1542019859, 1542018827, 1542018735, 1542018635, 1542014999, 1542012971, 1542009191, 1556294481]
